-,-,-
1.01,16.6,-1.51
-0.43,17.07,-4.76
-4.05,14.61,-7.4
-1.5,9.96,-12.6
2.32,7.76,-14.18
6.88,4.48,-10.6
6.63,5.01,-7.36
4.42,6.71,-3.26
-0.58,8.77,4.84
0.85,9.06,6.23
3.16,11.17,2.36
4.46,18.94,12.06
4.9,13.73,7.11
2.61,9.42,6.07
4.8,4.51,2.6
6.48,5.32,2.79
7.28,7.76,3.28
7.21,10.11,3.49
6.53,11.06,2.43
6.42,10.85,0.68
6.15,9.97,-0.88
4.86,9.92,-0.33
3.54,10.1,0.37
3.01,10.64,0.89
1.2,12.93,0.56
1.11,14.05,-1.91
2.25,14.85,-5.03
0.75,13.67,-7.19
-0.91,12.56,-7.05
0.46,9.8,-6.78
6.13,9.82,0.66
7.19,11.68,4.23
7.11,13.6,6.19
6.63,14.27,5.15
5.34,12.52,3.81
4.07,10.35,3.05
3.75,9.4,3.13
4.01,9.31,4.07
4.59,10.01,4.57
4.73,10.82,5.15
5.9,11.18,9.32
5.3,11.31,12.75
4.61,10.77,12.82
3.56,13.14,2.94
2.67,14.1,-0.58
2.46,14.67,-3.61
2.86,13.06,-5.92
2.82,11.9,-7.13
2.84,10.93,-9.35
-1.2,9.21,-11.73
-0.88,8.76,-11.64
0.01,7.92,-9.89
0.31,7.55,-6.67
-0.67,8.3,0
-0.52,8.89,2
0.01,8.75,-0.4
6.3,12.71,0.01
13.47,18.5,19.61
11.01,18.47,17.98
1.05,10.53,9.02
-1.23,5.76,3.69
-0.44,4.8,1.91
5.67,5.57,0.57
7.28,7.78,0.5
9.06,10.46,0.25
9.1,12.02,0.34
7.67,11.13,1.35
6.94,10.89,2.64
6.55,11.5,4.76
5.48,12.36,7.57
3,13.61,9.69
1.04,15.13,5.32
2.64,15.22,0.75
1.54,14.92,-2.24
-1.63,13.67,-7.32
-0.73,10.5,-13.48
0.31,9.82,-15.22
2.2,7.84,-11.3
3.44,6.8,-7.71
2.36,9.52,2.47
0.55,9.77,3.72
-0.07,8.77,-0.68
0.38,9.31,-8.43
8.97,16.23,12.02
10.39,14.02,11.35
7.71,14.72,11.48
2.98,9.6,3.63
3.25,8.36,2.25
6.51,7.21,2.84
8.25,9.32,3
8.39,10.75,3.68
7.73,11.36,3.92
7.05,11.02,6.88
5.73,11.81,8.1
2.63,13.61,8.59
0.1,14.48,3.73
-0.34,14.35,0.79
-0.34,13.35,-5.11
0.47,13.43,-7.98
1.59,10.61,-15.25
1.86,9.78,-15.39
2.63,8.73,-13.03
2.32,7.94,-9.35
1.15,7.9,-2.15
0.23,9.44,2.16
2.15,10.22,-6.36
8.14,15.85,6.71
12.76,18.54,18.54
4.26,12.72,10.43
1.07,8.27,5.67
0.52,6.21,2.54
4.78,5.88,2.78
6.84,6.03,3.13
8.98,10.23,3.4
7.86,11.09,4.73
7.86,11.09,4.73
7.84,10.39,7.05
5.32,12.89,9.92
3.2,15.26,7.32
2.17,17.03,0.83
1.23,17.81,-4.07
-3.42,11.86,-9.72
-2.85,9.97,-12.65
-1.52,9.05,-15
1.72,8.07,-11.52
3.9,7.23,-5.19
4.23,8.9,0.34
4.26,8.52,-1.51
4.19,10.02,-2.82
6.3,15.5,6.38
8.77,19.8,13.48
5.96,17.48,11.6
1.98,13.27,10.59
0.02,6.61,3.27
2.08,6.84,2.6
5.92,7.11,2.22
9.23,9.85,2.1
9.31,10.48,2.65
8.14,10.22,3.52
6.01,9.64,4.96
4.82,9.59,5.53
3.75,9.72,6.19
3.01,9.92,6.38
2.69,11.67,6.61
3.14,13.42,2.14
4.67,14.59,0.89
4.96,14.59,-0.2
4.34,14.43,-0.75
3.61,14.36,-1.25
2.68,13.27,-3.04
1.72,12.06,-5.3
1.53,11.4,-7.86
1.37,11.35,-9.97
0.5,10.85,-9.44
-0.55,10.3,-8.53
-0.97,9.72,-7.01
6.09,12.6,21.31
5.92,7.48,21.95
0.21,1.39,-7.92
1.84,22.11,7.26
5.65,14.21,6.11
6.71,7.96,2.81
5.19,8.64,4.63
4.61,9.36,0.72
5.88,12.17,1.87
6.09,11.35,2.49
6.9,9.67,2.7
6.78,8.8,2.83
7.71,8.89,3.18
7.94,9.68,7.11
5.96,12.21,4.59
4.9,14.32,0.2
1.91,15.07,-7.11
-0.21,13.42,-8.17
-1.64,11.86,-9.85
-2.35,8.94,-13.11
-1.84,7.46,-11.14
-0.56,6.75,-8.77
1.47,7.92,-6.73
5.88,14.85,7.98
7.32,18.46,11.92
7.75,21.18,12.56
2.43,14.31,8.92
0.5,10.13,6.73
-1,7.65,6.36
-0.4,5.69,6.15
4.01,7.21,5.25
6.55,9.39,4.84
8.22,10.51,5.15
8.55,9.67,6.57
7.11,8.55,7.28
6.63,8.81,8.01
5.94,10.27,8.9
5.23,13.56,2.14
5.38,14.15,-0.98
3.9,13.39,-8.06
3.16,12.17,-9.5
1.3,10.6,-10.97
-1,9.46,-12.82
-3.91,9.02,-12.01
-,-,-
-3.42,8.82,-9.86
-1.35,8.72,-6.78
1.07,8.31,-4.51
4.69,9.38,-7.69
7.17,12.47,-5.21
10.72,15.55,4.67
14.6,16.95,19.82
9.52,17.45,18.62
2.95,15.64,15.81
-1.37,10.68,9.13
-3.65,6.42,2.53
0.28,5.82,1.23
4.34,5.8,0.47
9.14,10.47,0.11
10.01,13.03,0.23
7.46,13.22,0.89
7.03,12.1,2.26
6.23,12.28,4.38
4.75,12.93,5.46
1.45,14.07,1.26
-0.37,14.23,-1.24
-1.42,13.51,-3.47
-2.44,9.6,-7.76
-1.61,9.15,-8.39
-0.54,9.14,-8.6
1.88,9.44,-6.92
2.14,8.8,-6.28
2.36,8.65,-5.9
2.93,9.4,-4.26
9.05,14.18,12.32
10.31,17.75,14.56
9.25,20.29,14.34
2.43,12.19,9.21
0.83,8.46,6.13
0.15,6.48,6.07
0.37,5.4,6.07
3.86,7.88,5.42
7.07,11.76,5.69
8.27,10.68,6.17
8.21,8.15,4.71
8.02,9.18,3.1
7.73,10.88,0.87
4.42,15.35,-3.25
1.59,13.89,-7.13
0.85,11.94,-7.51
-1.03,10.35,-8.39
-2.14,9.34,-8.6
-1.89,8.63,-7.92
1.03,10.22,-6.13
4.3,12.64,1.02
7.76,14.77,7.55
8.78,18.96,10.18
5.98,17.5,10.14
3.03,13.47,8.48
1.48,7.69,5.63
1.37,6.51,5.3
3.72,7.55,4.92
6.57,11.6,2.67
6.8,12.57,-0.67
5.21,12.97,-3.43
0.64,10.94,-5.34
-0.68,7.21,-6.78
0.89,6.4,-7.55
6.15,8.09,-0.37
8.63,11.22,4.23
9.65,15.11,8
5.21,16.98,9.18
2.71,13.71,8.02
0.98,10.14,6.17
0.31,8.61,5.17
4.26,9.46,2.75
5.36,10.6,2.14
7.17,10.77,1.7
7.01,10.39,2.09
6.11,10.14,3.19
4.96,12.17,4.59
4.28,13.77,0.44
4.26,15.09,-4.96
-0.72,11.39,-7.65
-1.77,9.63,-9.27
-2.16,9.06,-10.72
0.49,9.77,-1.01
3.9,12.9,3.5
4.21,17.54,8.1
3.04,15.47,8.89
2.53,12.48,8.13
1.91,9.96,6.53
4.8,7.46,3.09
6.71,7.55,2.94
8.31,8.38,3.07
8.25,9.39,3.95
6.84,8.77,4.94
7.21,9.6,5.69
6.94,11.02,5.46
6.63,12.88,5.42
5.63,15.94,0.43
3.56,16.2,-4.32
0.87,14.97,-7.19
-2.65,10.85,-10.36
-3.6,8.86,-12.84
-2.39,7.98,-14.64
-0.4,7.19,-13.72
2.51,8.06,-6.96
9.35,14.35,25.71
-0.56,7.98,-7.15
0.54,21.42,-0.56
2.09,22.54,12.05
3.73,11.97,7.15
4.34,8.18,7.13
1.61,7.63,5.51
3.33,9.34,2.16
6.51,9.97,2.8
6.96,10.43,2.4
5.01,10.1,3.73
6.4,9.85,4.19
7.03,9.38,4.4
7.51,9.5,4.4
7.03,10.22,4.92
3.54,11.42,1.6
4.46,12.51,-3.75
1.63,13.85,-5.05
0.07,12.86,-4.26
-0.07,11.77,-4
0.4,11.22,-5.17
2.21,11.21,-6.34
2.98,11.36,-5.76
4.07,11.51,-2.93
3.19,10.85,0.15
1.59,12.01,0.86
0.6,13.27,3.32
0.25,13.68,5.34
1.02,13.26,6.53
1.69,13.17,6.36
2.26,12.31,5.92
3.67,9.97,4.26
4.42,9.27,4.01
5.65,8.72,3.25
7.17,8.69,2.72
8.57,9.27,2.54
8.5,9.4,2.91
8.6,9.32,2.93
8.76,9.85,3.6
7.78,10.5,4.51
6.78,11.14,5.36
6.3,11.53,6.17
5.86,13.1,5.73
5.03,14.81,2.82
3.41,15.9,-1.73
-1.87,15.03,-6.21
-4.17,13.55,-7.92
-4.48,11.57,-10.35
-2.98,10,-12.89
1.87,7.23,-11.69
3.42,6.86,-8.36
4.48,6.8,-4.46
8.93,11.38,19.01
8.8,8.1,16.96
2.95,5.28,-4.44
0.51,15.9,-4.44
3.61,16.45,6.9
5.3,8.84,3.04
5.25,8.67,5.3
1.79,9.13,5.82
5.38,11.65,2.17
6.19,10.81,2.1
6.78,10.47,1.78
6.73,9.68,3.51
6.55,9.48,4.57
6.69,9.35,5.21
6.5,9.52,6.01
4.96,10.13,7.94
3.72,10.88,7.9
1.54,12.02,7.8
-2.16,12.18,6.86
-0.15,11.71,-2.99
2.58,13.6,-6.88
2.58,16.12,-6.25
-2.25,17.12,-6.05
-2.36,15.27,-6.26
-0.01,12.28,-6.63
4.19,7.8,-8.02
6.42,7.26,-6.86
9.68,6.92,-4.4
13.47,6.44,-0.76
9.81,6.82,2.42
3.85,9.85,7.44
1.58,11.31,10.81
-0.37,13.32,8.77
-0.83,14.31,7.75
0.75,14.26,6.51
2.36,13.17,5.92
3.69,11.73,4.09
4.44,9.31,2.89
5.9,7.61,1.36
10.34,9.13,0.75
10.01,9.56,1.17
9.67,8.94,-0.89
9.42,9.27,-4.28
7.57,9.93,-8.3
5.11,9.94,-7.94
-,-,-
1.58,10.07,-6.23
-1.52,9.81,-3.61
-0.54,10.89,5.07
0.02,11.63,6.28
-1.09,13.67,5.65
0.15,18.21,6.9
2.08,15.63,4.55
3.07,12.44,3.19
3.04,9.4,1.99
4.36,8.11,0.89
5.4,9,0.1
6.57,10.23,-0.15
6.69,11.27,1
6.26,11.01,1.65
6.15,11.01,2.26
5.86,11.22,2.93
5.17,10.47,5.28
5.51,9.77,6.46
6.17,9.3,7.11
6.86,10.6,6.46
6.11,11.6,6.76
4.48,12,8.78
3.91,10.98,7.34
0.89,15.4,-2.63
-0.43,14.88,-5.34
-1.15,10.43,-8.23
-0.77,8.96,-11.14
0.1,8.65,-13.46
0.68,8.26,-12.5
1.75,8.23,-6.07
2.67,9.21,-0.7
6.34,12.23,15.19
5.03,17.29,-2.07
7.11,23.9,9.35
5.92,14.85,6.28
4.11,8.02,3.51
2.69,8.77,1.09
6.48,11.61,1.47
6.67,10.6,2.57
5.92,10.46,2.86
5.4,10.11,5.23
5.34,9.68,6.25
4.75,9.47,7.4
4.19,9.73,7.8
1.19,13.84,7.98
-0.73,13.93,6.88
0.67,16.43,-5.17
0.28,17.7,-6.03
-2.86,14.93,-8.98
1.12,9,-10.18
4.19,7.17,-10.56
6.88,5.9,-9.77
13.48,5.36,-4.86
15.35,6.01,1.15
14.56,7.01,3.04
5.09,14.6,11.64
-2.43,15.01,10.52
-3.6,12.97,6.21
-2.11,13.38,4.75
0.21,12.86,3.93
1.55,9.39,4.88
2.16,10.77,4.17
3.17,12.18,2.81
3.41,10.55,1.6
5.65,9.81,0.8
6.63,9.98,0.68
8.14,10.89,-5.36
10.68,10.82,-7.8
10.51,7.05,-3.48
8.21,6.73,-1.63
7.3,8.15,-0.99
6.28,10.86,-0.05
1.89,13.07,3.89
0.57,12.73,4.94
0.54,11.55,6.59
1.53,10.92,6.92
5.07,8.89,6.84
6.44,8.43,6.42
5.86,9.02,7.57
4.78,8.98,6.13
4.21,9.39,0.01
4.11,8.8,-9.21
3.57,7.59,-6.9
4.76,10.22,-2.01
6.07,13.22,1.12
3.89,15.88,6.44
0.18,14.14,7.8
-0.87,12.65,7.63
-0.87,11.77,6.73
4.13,10.01,4.82
5.73,9.59,4.55
7.09,9.68,4.34
8.14,9.76,2.31
7.88,9.77,0.73
7.28,11.81,-9.13
5.53,12.4,-10.39
2.5,12,-9.52
-0.28,10.76,-7.9
1.21,10.68,-2.54
2.34,12.93,0.03
3.18,16.44,5.61
2.39,15.86,6.86
1.49,14.38,7.75
1.24,12.17,7.86
2.5,9.22,6.82
4.53,8.26,6.32
7.05,9.06,5.75
8.27,9.31,5.46
8.93,9.06,5.46
9.43,8.35,5.65
9.97,6.98,3.55
9.25,8.1,-1.87
7.86,10.06,-6.34
1.65,10.96,-15.13
-0.75,11.01,-14.1
-2.03,10.11,-12.38
0.05,11.43,-0.3
2.93,16.48,6.01
5.78,20.47,9.47
0.99,20.36,7.21
-2.59,16.29,6.48
-4.3,13.31,4.98
-2.78,10.6,3.91
3.33,7.23,2.92
6.25,7.57,2.86
8.03,9.14,3.52
9.22,9.57,4.32
10.75,8.48,5.61
9.69,8.1,6.07
8.43,8.38,6.13
7.67,9.27,4.4
7.03,9.94,3.56
5.96,10.65,4.19
4.3,10.89,4.94
-0.55,10.18,-6.67
-2.78,10.1,-12.51
-2.73,9.28,-13.52
0.17,6.09,-10.36
1.17,5.69,-7.9
4.21,8.73,-0.2
6.26,13.55,9.44
8.92,21.88,12.98
7.32,23.39,11.88
1.63,18.2,10.39
-4.09,8,8.31
-1.99,5.86,6.63
1.46,4.73,5.34
5.19,5.38,4.61
9.98,9.52,2.46
11.86,11.42,1.19
12.84,12.73,1.94
10.42,13.25,-4.4
8.8,14.26,-9.81
5.19,14.22,-11.85
1.14,12.85,-12.34
-4.38,8.18,-11.07
-4.32,5.84,-12.06
-3.29,4.67,-11.14
0.85,10.35,0.69
4.96,16.13,9.84
7.84,20.59,12.81
7.84,20.59,12.81
0.43,15.73,10.39
-2.4,9.18,8.68
-1.13,6.5,7.51
3.32,4.73,6.9
6.05,5.32,6.28
8.02,6.9,5.8
9.21,8.44,5.76
8.85,10.43,7.78
7.17,9.18,6.63
6.01,8.94,-0.17
5.48,10.39,-8.63
3.75,12.55,-12.36
2,11.18,-10.73
1.44,9.56,-8.88
3.84,10.02,-1.52
5.48,12.94,3.01
5.26,16.52,5.53
3.39,17.17,6.96
-0.44,14.4,7.63
-1.19,12.64,7.38
-1.09,11.01,7.19
2.58,9.03,5.53
4.67,9.03,5.38
6.21,9.22,5.5
7.44,9.36,5.61
8.25,9.32,6.84
8.94,8.44,5.46
9.81,8.23,0.68
7.98,11.01,-6.65
5.13,12.51,-8.67
1.73,12.88,-11.05
-0.33,12.02,-12.61
-0.81,8.42,-13.32
-0.4,7.19,-10.51
1.19,7.32,-2.76
8.21,17.37,11.22
7.51,22.43,10.18
4.55,23.04,9.1
-,-,-
0.86,17.44,7.71
-2.53,9.48,4
-1.55,7.8,3.83
1.47,6.59,2.88
8.1,8.25,3.14
10.11,9.27,3.97
10.43,10.1,4.9
6.42,9.53,6
5.26,9.47,4.82
4.86,9.76,0.28
3.72,12.17,-9.1
2.82,12.36,-9.85
0.89,10.69,-7.88
1.59,10.98,-3.71
3.14,12.22,-0.49
4.86,13.78,2.56
4.92,15.25,4.86
1.98,14.68,7.38
1.65,13.32,7.75
1.3,11.64,7.75
3.26,9.43,6.9
4.25,9.07,6.46
5.44,9.03,6.17
7.26,9.09,7.92
8.81,8.38,-2.44
5.5,12.77,-8.75
2.96,13.09,-10.1
1.61,12.05,-10.46
2.04,7.67,-8.71
2.39,7.23,-7.09
3,7.98,-4.23
4.8,13.76,6.76
4.4,19.5,12.86
2.04,19.42,13.09
-3.18,12.56,9.57
-3.41,10.06,7.46
5.57,7.46,4.3
8.46,7.51,4.4
10.27,8.5,5.8
11.39,9.13,4.86
7.26,12.21,-7.4
4.17,12.31,-8.35
0.25,10.39,-8.63
0.25,9.31,-9.14
1.03,8.31,-9.38
2.65,8.85,-1.86
5.34,10.88,4.63
7.4,14.64,9.22
8.14,18.7,10.85
-0.34,13.21,7.67
-0.85,9.77,6.15
1.12,7.26,4.25
3.16,7.71,3.08
7.38,9.23,2.44
8.93,10.89,2.25
8.5,11.27,3
7.55,11.18,3.53
4.88,11.98,-8.02
2.78,12.02,-9.39
0.93,11.22,-9.81
-0.87,9.1,-10.64
0.99,8.53,-7.75
7.03,12.92,3.23
8.46,16.86,6.78
7.01,19.39,8.18
-1.22,11.64,8.6
-1.28,9.56,7.38
0.15,8.6,6.44
3.41,8.97,5.3
6.8,9.22,5.46
7.25,9.32,5.98
7.03,8.52,6.3
6.78,8.63,5.78
2.78,10.89,-1.05
3.38,11.68,-10.68
3.38,13.25,-13.18
2.29,13.35,-12.22
2.01,9.67,-7.28
3.29,10.55,-4.4
7.48,13.64,3.18
7.3,15.27,5.3
3.71,13.64,6.4
2.08,9.65,5.73
2.19,9.52,5.13
3.14,9.36,4.84
5.92,9.86,5.03
6.55,9.56,5.73
7.17,8.96,6.01
8.23,9.35,4.94
7.78,11.82,3.25
6.88,13.98,4.57
6.42,13.97,5.17
5.76,13.31,4.03
3.82,12.32,-6.26
3.19,12.19,-7.88
1.97,12.01,-8.8
0.5,11.52,-8.77
1.55,9.09,-10.51
2.76,8.67,-10.18
2.22,8.85,-8.39
-1.58,9.22,-3.32
-2.5,9,0.21
-2.57,8.47,4.28
-0.46,13.22,17.09
-1.17,11.85,5.73
1.13,17.64,1.89
6.67,17.95,12.15
6.36,7.05,5.4
6.8,5.59,2.44
5.73,6.96,1.54
7.57,8.52,-1.05
8.35,9.94,-0.61
7.57,11.5,-0.73
5.23,11.93,0.87
4.26,11.57,1.5
4.21,11.21,1.86
4.82,11.19,2.9
5.03,11.1,6.09
5.42,11.1,8.06
5.09,11.51,9.47
6.69,9.48,11.48
7.03,11.81,11.82
6.15,14.22,8.59
4.46,15.81,3.74
1.69,15.77,-4.61
-0.97,14.39,-6.84
-2.17,12.1,-8.85
-0.79,8.11,-15
1.27,8.19,-15.82
2.26,8.21,-14.35
2.26,7.8,-11.22
2.79,7.36,-3.4
3.27,7.44,-0.6
3.33,8.72,2.31
2.54,10.4,5.42
2.07,10.42,10.48
2.31,9.44,-0.15
6.09,16.68,1.08
8.43,15.02,10.46
5.46,8.09,6.88
3.38,8.43,6.92
1.95,8.9,5.9
4.34,8.93,4.05
5.19,9.81,3.29
6.36,10.15,2.99
7.38,9.82,3.72
7.03,9.75,4.01
6.51,10.02,5.03
5.84,10.39,6.34
6.09,9.56,7.19
6.28,10.35,6.42
5.86,12,5.23
5.75,16.72,2.79
5.07,17.28,0.43
5.07,17.28,0.43
1.69,15.56,-5.86
-1.84,11.61,-13.21
-2.25,10.52,-16.03
-1.6,9.67,-16.78
0.1,8.38,-13.9
1.04,7.84,-9.73
2.48,7.57,-4.75
3.89,8.39,1.32
8.93,13.01,27.84
2.91,4.32,0.27
-1.23,13.64,-9.01
3.01,17.95,11.18
5.4,5.98,3.58
7.07,4.73,4.23
7.07,4.73,4.23
7.21,10.43,3.41
7.44,10.89,3.73
5.88,10.46,3.73
6.01,10.35,3.52
6.01,10.35,3.52
7.17,9.72,5.01
7.19,9.57,5.71
7.55,10.22,6.42
7.55,10.68,7.73
7.55,10.68,7.73
7.23,11.31,7.61
-1.27,15.56,-10.68
-3.09,14.1,-12.64
-4.07,12.38,-11.98
-2.25,6.34,-10.97
-2.25,6.34,-10.97
2.06,5.84,-9.1
4.44,8.81,-6.17
8.02,15.27,5.23
9.05,17.65,10.31
9.47,19.31,12.85
2.95,14.27,11.38
-0.18,10.44,8.89
-1.37,7.19,7.21
-0.21,5.65,5.9
7.78,8.89,3.88
8.85,10.06,3.91
8.8,10.13,4.5
7.67,10.38,4.07
6.01,11.34,3.56
-,-,-
4.78,13.22,3.5
4.63,13.93,4.63
3.99,13.98,4.73
2.98,13.46,1.94
1.35,12.03,-6.65
0.62,12.19,-7.86
0.43,11.07,-8.82
1.1,10.1,-8.93
3.33,7.59,-10.52
2.56,8.02,-9.14
1.37,8.1,-7.38
0.95,8.06,-3.22
5.71,4.73,10.43
3.09,15.31,-2.45
0,21.63,11.02
2.18,5.3,4.94
3.1,6.15,3.71
5.42,10.6,1.37
7.82,12.38,1.61
6.03,12.81,2.54
3.89,11.09,3.52
5.65,10.35,3.73
6.94,10.11,4.19
6.75,9.55,5.53
5.78,10.1,6.13
4.76,11.1,6.17
2.51,12.69,4.34
1.47,14.09,0.62
2.32,12.3,-10.31
1.72,10.63,-11.77
0.86,9.19,-12.18
0.86,7.23,-12.28
5.36,8.43,6.94
6.11,11.43,14.65
2.13,19.96,-0.47
4.15,25.48,7.13
2.66,9.77,3.91
1.94,8.77,5.3
2.76,8.52,3.48
4.8,8.64,3.4
7.59,10.31,3.85
7.15,10.02,5.28
6.03,9.56,6.69
5.55,9.22,8.55
7.01,10.02,5.15
6.8,11.59,3.85
6.46,12.18,2.71
5.86,13.31,-2.07
1.45,14.19,-7.4
0.2,12.68,-9.64
-0.46,11.35,-10.34
-0.4,9.8,-11.26
0.05,6.23,-8.3
2.72,8.75,4.9
2.93,7.34,9.55
-1.02,12.86,-2.69
2.91,22.17,9.56
5.76,6.78,6.96
4.13,7.15,8.56
3.13,8.69,8.25
6.13,8.85,7.09
7.32,9.22,6.26
7.84,9.39,6.46
6.11,9.64,7.65
5.09,10.28,5.32
5.92,10.67,1.64
7.05,11.39,1.41
8.1,12.93,0.03
6.03,14.52,-7.69
2.85,13.34,-10.01
-0.21,11.72,-11.82
-1.85,7.98,-14.51
-1.5,4.98,-13.35
-1.38,5.71,-9.72
8.21,14.78,30.62
3.05,7.34,11.22
3.19,17.93,-2
-0.36,7.61,3.53
2.44,4.32,2.85
2.47,4.88,6.07
5.96,8.44,1.9
7.86,9.72,2.63
8.77,10.89,1.2
7.23,11.25,1.16
5.15,11.52,1.61
4.4,11.48,2.76
3.53,11.42,4.28
2.96,10.53,6.53
4.57,10.27,5.8
5.8,10.85,4.51
6.05,11.82,3.24
6.3,12.57,0.93
6.21,12.97,0.87
5.15,13.19,1.74
3.17,12.52,0.82
2.53,11.93,-4.86
1.11,11.61,-8.56
-0.4,10.73,-10.34
-1.11,7.15,-12.36
-0.44,5.75,-12.05
0.34,5.42,-10.27
5.84,10.31,12.47
7.07,11.31,18.09
4.73,11.47,4.13
8.47,23.93,3.11
0.87,13.32,9.63
0.6,6.11,5.65
1.36,7.15,6.86
3.19,8.85,4.46
6.03,9.13,4.78
7.17,9.5,4.75
8.19,9.86,4.15
7.98,9.92,4.67
7.01,10.18,5.17
6.03,10.22,5.17
5.65,10.55,3.75
5.61,10.63,4.03
5.96,10.97,1.12
5.61,11.93,-2.49
4.36,13.68,-6.07
2.86,13.21,-8.5
0.8,12.15,-10.14
-1.66,9.98,-12.06
-1.47,8.86,-12.67
-0.87,8.22,-9.9
1.69,9.69,1.83
3.69,9.46,0.86
4.25,16.38,-1.27
5.88,23.23,7
3.1,10.61,6.8
1.84,8.59,8.15
0.56,8.43,8.98
1.51,9.31,6.73
1.51,9.31,6.73
6.44,9.14,6.11
7.73,9.13,5.88
8.02,8.96,6.61
5.88,9.42,8.98
5.17,9.52,9.27
4.96,9.56,7.63
4.96,11.01,2.89
4.94,11.86,0.87
5.53,12.61,0.05
5.53,12.61,0.05
7.01,13.63,0.83
6.67,14.31,-0.81
4.63,14.06,-1.52
0.21,12.4,-7.76
0.21,12.4,-7.76
-0.37,11.63,-10.51
-0.2,10.67,-12.39
-0.63,7.09,-12.78
-1.13,6.42,-11.22
-1.13,6.42,-11.22
-1.01,6.63,-7.05
8.78,13.03,18.54
13.22,14.43,24.54
9.5,12.71,6.46
9.5,12.71,6.46
0.33,27.35,13.65
-0.34,2.22,6.32
1.25,6.4,7.61
3.2,8.02,5.11
3.2,8.02,5.11
7.3,9.93,3.88
7.48,11.68,3.4
6.13,11.11,3
5.78,10.31,2.7
5.78,10.31,2.7
5.94,10.67,2.89
5.86,11.46,-7.01
5.76,12.31,-11.9
1.24,10.98,-12.55
1.24,10.98,-12.55
-0.87,8.34,-5.5
4.32,13.78,2
4.21,18.37,4.61
3.07,19.87,5.63
1.67,17.06,6.8
-0.1,10.07,6.86
2.61,8.01,7.65
4.17,7.69,7.69
4.17,7.69,7.69
5.94,9.01,7.07
7.11,8.75,8.5
7.19,8.22,7.88
6.82,8.61,5.78
6.55,9.07,3.38
6.71,9.96,1.19
9.38,13.84,0.54
8.25,14.44,2.36
3.44,13.72,-9.27
0.88,13.17,-15.56
-1.6,13.11,-19.12
-4.71,7.51,-13.38
-4.71,7.51,-13.38
-3.73,5.21,-9.75
3.66,9.14,3.64
5.23,27.37,3.84
4.19,33.68,11.38
-,-,-
-0.25,17.81,10.34
1.87,3.13,8.43
4.75,6.03,4.78
8.34,8.97,5.67
10,9.52,5.53
9.68,9.65,5.59
5.11,10,7.13
4.5,10.19,6.75
3.61,10.9,5.28
2.93,12.59,2.11
3.5,13.84,0.57
4.57,14.06,-3.29
4.26,13.14,-8.81
1.47,12.64,-10.69
-1.4,9.06,-13.44
-0.5,8.02,-11.89
2.27,8.68,-0.47
6.75,10.32,14.65
7.73,19.53,3.25
6.63,19.53,9.35
4.26,12.51,8.47
2.64,8.06,9.4
1.94,9.89,6.26
3.66,9.86,6.88
5.19,9.35,6.07
6.07,9.14,5.61
5.34,10.26,6.82
5.48,10.75,4.96
5.32,11.85,3.1
4.32,12.27,-0.25
6.11,13.15,-1.33
6.32,14.07,-0.88
5.23,14.28,1.74
4.34,13.53,0.11
0.41,12.14,-9.18
0.56,10.78,-11.02
1.4,9.18,-12.6
1.39,7.48,-13.78
1.48,4.57,-10.13
4.19,6.55,3.67
8.1,7.69,15.3
4.17,14.14,1.03
-3.75,24.39,10.22
-0.56,5.34,7.86
2.45,4.59,9.76
2.83,6.96,8.1
5.96,10.93,6.11
5.76,10.46,5.25
6.05,10.6,3.82
6.67,9.97,2.8
7.15,10.61,1.41
6.61,11.02,-0.89
6.32,11.75,-1.58
5.94,12.36,-1.6
4.28,12.46,-0.75
2.48,12.25,-3.79
0.93,12.93,-6.44
-0.57,12.68,-9.1
-2.58,7.61,-11.44
-0.72,7.48,-4.65
2.33,9.35,6.3
-1.66,14.13,1.82
0.62,24.43,6.46
4.48,8.72,4.75
3.85,6.67,5.38
5.07,6.61,4.25
7.28,7.98,3.63
7.11,9.3,3.88
6.94,10.31,3.67
6.44,10.97,4.73
5.42,10.35,8.03
5.05,9.18,10.57
6.07,8.96,7.3
6.09,9.77,4.88
5.21,10.64,3.6
4.11,11.53,4.76
3.51,13.82,-0.27
3.44,15.56,-3.33
2.99,16.57,-6.53
-0.62,15.23,-9.73
-1.26,13.28,-10.68
-0.37,11.35,-12.02
1.49,9.31,-13.77
1.7,6.4,-11.64
2.27,6.36,-8.27
5.65,9.47,4.17
6.32,5.88,12.39
-0.02,6.44,-9.19
0.46,19.95,-4.17
0.14,22.17,10.17
6.94,7.65,3.58
5.8,7.94,6.4
1.98,9.56,6.15
4.65,11.19,4.92
4.75,9.39,5.36
5.3,9.3,4.21
5.48,10.3,4.05
5.36,11.21,4.26
5.71,11.06,4.51
5.71,11.06,4.51
5.09,10.85,4.9
5.01,10.9,3.33
5.55,11.18,2.33
6.07,11.97,2.15
6.07,11.97,2.15
4.88,13.43,-0.41
4.03,13.53,-2.03
3.43,13.71,-3.41
3.43,13.71,-3.41
1.58,11.97,-7.48
1.8,10.68,-9.38
2.63,7.28,-13.31
1.74,7.11,-12.31
1.74,7.11,-12.31
0.4,7.32,-10.15
-0.68,7.44,-6.8
2.72,8.22,11.88
-0.49,13.77,-3.53
-1.27,25.12,10.35
-1.27,25.12,10.35
-0.36,11.43,6.69
6.13,5.82,6.26
6.23,9.18,3.21
6.23,9.18,3.21
7.78,9.97,4
6.69,9.85,4
4.28,10.8,5.01
4.57,10.43,6.15
4.57,10.43,6.15
5.4,9.8,7.25
6.46,10.14,5.42
5.75,10.84,4.57
4.55,10.48,2.85
5.09,11.6,-1.08
5.09,11.6,-1.08
4.51,15.38,-5.46
0.99,14.47,-9.56
0.99,14.47,-9.56
-0.4,13.07,-10.52
-1.15,11.69,-11.44
-0.73,10.21,-13
-0.33,7.86,-11.56
1,9.18,-3.13
1.47,10.78,-3.98
3.39,19.62,-1.11
4.05,21.37,6.69
3.77,14.32,7.46
4.63,8.06,8.17
4.71,9.5,6.42
6.07,8.59,7.44
6.28,8.56,7.61
6.26,9.22,8.07
5.23,9.93,10.05
5.46,9.93,9.03
5.48,10.1,7.09
5.15,11.02,2.28
6.26,12.23,-0.01
7.05,14.22,-0.51
5.21,15.85,-1.53
1.55,14.31,-8.36
0.64,11.11,-15.22
0.01,10.14,-15.06
-0.58,8.56,-13.77
-0.75,5.76,-10.39
0.38,6.88,-5.84
4.28,11.06,9.31
7.21,7,17.87
0.61,23.57,-1.72
-1.75,21.5,8.78
3.9,6.26,6.96
5.19,6.23,9.55
4.01,10.97,7.28
5.19,10.77,7.46
4.55,9.89,5.94
4.84,8.88,5.57
5.8,10.03,5.19
6.17,11.23,2.8
5.94,11.88,0.37
8.02,12.27,-2.29
9.89,12.94,-2.49
7.42,12.14,-4.94
5.88,12.65,-6.84
2.92,12.73,-8.21
-2.81,9.72,-12.9
-2.84,8.44,-14.44
-2.65,7.8,-14.09
3.92,12.8,16.13
-1.47,7.23,-0.7
-1.98,22.29,-2.11
-0.81,21.36,6.3
1.25,9.85,5.07
6.26,7.19,5.17
8.72,8.48,4.9
8.97,9.22,6.25
7.88,9.03,6.61
6.63,9.42,7.73
6.61,9.43,7.8
6.48,9.21,6.03
6.26,9.69,3.72
6.28,11.09,-0.21
-,-,-
5.88,13.26,-0.25
6.07,13.9,0.81
6.26,13.52,-0.1
3.03,13.77,-6.36
1.79,12.21,-8.47
1.09,9.98,-10.72
-0.03,7.51,-15.61
-1.44,7.82,-16.44
-3.28,9.15,-7.96
7.92,13.48,32.68
2.02,3.69,6.88
-1.65,19.7,-1.88
-3.16,23.12,7.3
5.76,4.15,4.34
8.27,3.96,4.4
8.27,8.67,1.41
8.14,10.81,2.42
5.63,11.35,2.31
4.67,12.05,3.46
3.71,11.46,5.38
3.54,10.42,7.11
4.42,8.72,9.31
4.86,8.55,9.21
2.94,10.82,4
2.71,11.72,-0.2
3.1,12.96,-2.76
3.32,14.06,-3.59
2.41,13.88,-3.13
1.62,12.93,-2.13
1.99,12.15,-0.72
3.9,10.06,-4.13
3.96,10.88,-6.76
1.89,12.03,-7.19
-0.93,11.39,-5.73
-0.56,10.48,-5.42
1,9.96,-5.94
11.22,12.75,-0.54
13.65,15.26,3.04
13.43,16.43,5.34
5.92,14.19,8.36
2.78,12.43,8.56
0.18,11.23,8.77
-2.25,10.97,10.09
-2.36,11.17,8.21
-1.75,11.31,0.23
-1.24,11.43,-7.48
-3.58,10.97,-11.72
-4.01,8.64,-10.97
-1.89,5.76,-9.15
5.23,6.13,-7.48
9.89,10.18,-0.25
14.39,15.81,8.22
15.53,22.05,13.11
10.22,18.04,13.11
4.26,10.81,11.28
0.83,7.28,8.27
-0.23,4.84,6.25
2.22,5.63,5.73
4.86,7.8,5.44
7.96,11.98,4.76
8.52,11.68,5.28
8.06,10.85,6.34
7.11,9.86,5.34
5.59,10.44,2.63
4.9,12.09,-0.47
3.56,14.27,-4.38
0.79,16.23,-9.35
-1.36,14.65,-9.97
-2.97,12.22,-9.84
-2.99,9.98,-9.78
0.5,7.07,-8.31
2.34,8.52,-6.8
3.31,11.15,-5.09
4.71,12.71,-0.67
5.44,13.01,1.65
6.3,13.82,5.55
6.3,13.82,5.55
7.13,14.65,9.8
4.53,12.07,12.6
3.14,10.43,11.96
2.57,7.34,10.81
2.16,7.36,10.57
2.16,7.36,10.57
2.03,10.43,-0.33
2.9,13.17,-11.23
3.57,12.96,-12.98
3.84,12,-12.44
3.84,12,-12.44
1.07,7.53,-9.13
1.91,7.07,-6.78
3.5,8.56,-2.35
3.5,8.56,-2.35
7.53,15.5,9.27
5.98,20.47,12.1
2.94,18.25,10.88
-0.62,9.35,7.8
-0.62,9.35,7.8
-0.31,7.17,6.9
2.39,5.73,6.01
9.94,8.52,5.92
10.4,9.39,7.07
10.4,9.39,7.07
9.61,10.27,6.34
6.42,11.31,-4.86
1.97,13.02,-9.17
0,10.22,-8.14
0,10.22,-8.14
0.36,8.77,-7.8
1.15,8.14,-7.46
4,10.59,-2
4.57,12.06,0.02
4.59,13.65,2.2
5.9,15.47,7.51
5.8,15.63,9.84
4.98,14.51,10.26
3.52,13.6,9.75
1.89,10.5,8.64
2.79,9.5,8.77
4.07,8.88,7.48
4.63,10,-1.46
2.9,10.71,-7.34
2.38,10.46,-8.14
2.48,9.72,-9.47
2.18,9.15,-9.81
2.01,8.22,-6.55
2.69,8.81,-5.26
3.26,10.22,-3.56
9.82,17.82,12.85
8.6,19.64,14.19
4.07,18.4,14.17
-1.59,9.85,9.51
0.49,4.94,6.17
3.18,5.4,5.19
8.06,9.1,2.85
8.55,11.02,2.23
5.84,11.14,2.85
3.72,11.47,3.53
3.44,11.76,3.68
3.33,12.3,3.84
5.13,16.15,-1.23
4.42,17.21,-3.63
2.98,16.65,-5.71
-0.44,12.32,-8.75
-0.05,8.14,-11.02
2.42,6.4,-9.93
3.55,6.61,-8.6
5.23,7.67,-7.3
7.03,11.64,-2.44
6.38,12.09,-0.43
5.92,11.72,1.28
6.38,12.61,8.98
5.36,14.39,14.47
2.91,14.67,15.02
-1.55,11.6,13.11
-1.25,9.65,12.14
2.1,8.25,9.89
3.27,9.15,10.13
4.67,10.21,10.39
6.36,12.1,9.97
5.65,14.8,0.28
4.5,15.06,-2.36
2.45,12.84,-9.06
2.41,11.15,-12.13
1.48,9.72,-15.43
-0.82,10.25,-15.15
-0.85,9.17,-13.27
0.28,7.11,-10.52
3.09,5.67,-2.81
3.25,6.46,-5.76
4.05,9.18,-7.59
8.88,19.44,11.42
11.44,22.96,20.47
6.57,21.48,21.2
-6.03,8.23,12.11
-5.9,5.84,8.61
5.28,4.34,2.59
8.52,8.39,1.12
9.11,11.59,0.55
8.03,12.68,0.69
4.96,9.56,2.47
5.07,9.67,3.4
5.92,11.94,4.9
5.63,13.01,5.42
6.07,13.71,5.44
7.82,15.67,-1.24
7.13,16.71,-7.67
4.76,15.68,-11.44
-4.17,10.84,-17.35
-5.38,8.71,-16.65
-5.09,6.01,-13.94
-1,5.61,-5.44
2.72,9.35,2.48
6.61,12.06,4.86
7,15.85,2.34
8.57,23.93,14.25
0.09,8.9,7.46
-0.92,7.73,5.38
1.29,6.32,3.72
6.3,6.96,2.04
8.27,10.07,1.8
-,-,-
8.39,10.14,1.75
7.63,9.18,3.6
6.9,9.32,4.63
3.98,10.15,6.84
3.7,11.97,7.82
4.36,13.39,8.44
4.78,15.36,9.72
3.27,15.56,6.15
2.79,15.27,2.2
1.44,15.34,-0.89
-1.64,14.05,-6.42
-1.27,12.88,-12.44
1.25,12.21,-15.36
2.66,10.8,-14.81
4.21,8.76,-13.98
5.65,6.94,-13.22
7.96,5.38,-6.05
7.88,5.9,-2.73
8.97,9.84,11.93
11.89,13.93,33.2
4.69,0.4,11.6
-10.1,30.39,14.39
-2.01,18.93,6.86
4.48,10.11,2.68
4.57,7.48,1.41
10.78,9.35,0.62
9.67,8.6,3.31
4.75,10.03,4.96
3.1,10.47,5.92
5.17,8.76,9.44
5,8.3,9.18
5.21,8.6,7.05
5.82,10.43,4.3
5.76,16.23,1.55
4.65,16.7,0.18
-0.54,14.76,-13.31
-1.92,13.61,-15.51
-3.4,11.18,-17.04
-3.59,7.92,-16.54
-0.93,3.41,-11.76
10.1,7.63,15.82
9.22,8.27,5.44
7.65,29.09,14.71
4.28,19.7,11.85
1.91,9.39,6.88
1.84,5.86,4.57
4.59,5.36,2.94
8.68,7.36,3.33
8.59,10.64,4
5.88,10.27,5.13
3.2,9.42,6.46
2.24,10.48,5.84
1.97,11.92,3.14
1.74,14.07,1.32
0.98,15.36,0
3.05,15.18,-1.59
4.65,13.69,-1.14
3.04,13.52,1.33
2.54,13.44,2.99
2.07,12.39,1.01
1.6,12.59,-4.19
1.66,10.3,-13.01
1.22,8.47,-13.27
1.04,6.11,-12.76
2.25,2.82,-9.93
4.07,2.48,-6.63
13.52,9.78,19.26
9.97,21.87,7.17
5.15,28.78,10.98
-2.48,19.61,11.36
-3.39,7.51,6.36
-0.3,7.8,5.51
2.17,8.4,3.46
4.32,8.71,3.69
7.36,10.52,3.49
7.48,10.18,3.56
6.57,10.27,4.61
5.48,10.25,6.94
5.36,9.94,6.96
5.05,10.26,5.98
4.09,12.51,1.22
4.82,13.35,1.21
5.38,14.1,2.23
5.92,14.61,-0.09
5.36,14.64,-11.73
2.25,12.85,-14.15
-0.92,5.73,-12.25
-0.43,4.51,-10.92
-0.43,6.26,-7.21
1.48,10.55,3.08
0.5,11.48,6.19
2.91,17.53,3.75
6.13,24.87,12.77
2.76,8.14,9.1
3.48,7.23,9.03
4.23,6.98,7.53
6.61,7.53,5.9
8.13,7.9,6.09
6,9.25,7.76
6.3,10.36,6.23
6.69,11.88,4.98
6.03,13.25,3.75
4.19,14.86,6.44
1.44,15.67,1.76
-2.32,14.93,-11.89
-2.83,12.89,-14.36
-4.53,9.39,-17.19
-0.46,3.69,-15.5
2.43,2.18,-12.15
5.19,3.33,-6.69
16.17,12.89,5.32
12.71,29.64,9.06
4.4,28.12,16.37
-5.59,6.73,3.8
-1.29,5.63,2.05
4.36,6.94,-0.1
10.64,10.15,1.05
11.05,11.85,1.67
3.4,11,4.28
3.03,10.85,5.48
2.34,10.52,6.84
1.62,10.56,7.98
2.61,11.39,6.86
2.57,12.3,6
3.17,12.86,4.8
4.82,12.53,3.5
5.94,14.02,-6.46
2.11,12.88,-10.05
-0.68,12.27,-9.97
-1.12,11.15,-9.59
0.43,10.61,-5.48
3.55,12.85,5
7.01,12.76,14.27
8.14,9.67,-2.77
11.03,11.39,6.76
9.43,6.92,4.38
6.51,9.84,5.51
2.75,11.31,7.34
1.83,12.77,5.3
2.53,11.55,5.44
3.43,10.35,5.3
3.68,9.07,5.4
6.05,10.46,3
6.11,11.39,2.38
5.71,12.35,1.58
5.96,12.6,1.67
3.47,14.35,-6.92
2.48,13.05,-10.85
0.5,12.21,-12.27
-0.01,5.5,-9.89
3.42,4.36,-5.84
8.36,4.82,-0.3
10.78,7.34,0.17
5.01,21.05,11.97
0.5,15.01,10.51
-1.02,9.5,8.64
1.22,9.32,6.86
4.15,8.52,5.98
9.22,7.94,6.01
8.77,8.18,6.46
6.82,8.65,7.48
5.34,8.65,8.6
5.59,10.22,4.96
5.46,11.97,3.52
5.53,14.59,3.05
6.48,15.46,4.75
3.25,15.6,-5.65
2.85,14.34,-9.88
2.38,12.89,-11.64
1.17,11.75,-13.22
-1.59,7.61,-15.36
-0.67,6.01,-15.14
1.75,5.3,-10.65
2.78,6.65,-6.73
12.68,18.57,39.22
0.93,15.67,-0.8
-0.25,34.72,8.35
-5.84,26.6,15.98
3.48,3.28,7.25
4.09,4.53,6.11
6.25,7.23,4.65
9.39,10.71,5.32
6.23,9.57,6.92
7.3,8.56,4.82
7.15,9.67,3.25
6.51,10.75,1.67
7.88,13.39,-0.88
8.14,13.97,-5.34
6.9,14.14,-7.4
5.03,14.1,-9.56
-0.46,12.55,-11.27
-2.84,9.52,-11.57
-2.25,8.3,-9.06
-0.52,9.75,-1.47
2.82,12.18,11.56
-0.33,24.28,7.19
-0.23,24.77,13.46
-0.31,14.93,10.28
1.33,7.57,7.88
4.46,7.59,5.34
-,-,-
7.11,7.86,5.05
8.98,8.72,5.92
8.42,8.71,6.73
6.26,8.73,8.89
5.98,9.14,8.27
5.75,9.86,6.03
5.53,11.36,3.74
5.15,14.77,0.89
4.75,15.85,-2.35
2.06,14.4,-11.89
2.38,12.44,-15.97
0.15,9.35,-18.09
-1.57,5.11,-13.02
-0.79,4.55,-10.98
2.44,7.71,-1.69
6.21,16.8,1.44
6.84,28.76,9.67
1.25,22.95,16.2
-2.45,5.9,11.1
-1,6.42,11.1
1.83,7.76,9.81
6.57,9.18,7.82
7.21,9.4,8.43
5.78,10.27,5.11
5.88,11.61,3.16
5.82,12.64,1.08
6.51,14.3,1.17
5.78,15.89,-2.81
1.07,14.64,-14.5
-1.5,11.5,-15.77
-2.54,7.96,-14.44
-1.64,5.19,-13.76
0.55,4.21,-12.35
14.92,10.77,17.45
13.59,9.22,3.92
3.77,25.44,16.36
-1.23,15.92,13.48
-2.24,8.19,6.9
-1.62,7.11,7.4
1.3,7.92,3.26
3.5,9.1,3.79
4.86,11.48,2.91
5.23,10.26,2.84
4.07,10.5,3.5
4.07,10.64,4
6.11,11.31,1.37
6.42,12.65,0.47
6.17,13.53,-0.34
4.42,14.81,-0.11
3.23,14.43,0.05
1.97,14.48,0.43
1.17,13.52,0.54
0.09,11.03,-2.91
1.16,10.03,-6.36
3.11,6.25,-10.84
3.73,5.03,-10.53
3.45,4.51,-6.92
1.95,4.26,-3.96
3.45,7.71,7.17
6.09,13.55,15.23
7.82,19.9,19.78
5.32,19.01,15.67
-2.07,7.55,9.82
-0.31,5.26,7.96
5.82,6.23,3.48
7.88,7.86,2.66
9.03,9.56,1.82
10.1,11.97,1.2
9.34,14.77,-0.2
8.59,15.3,1.35
2.01,13.81,-12.65
1.05,12.31,-17.46
-0.85,9.28,-17.98
-2.17,5.71,-15.15
0.09,2.95,-13.38
1.76,4.92,-9.76
3.59,19.84,15.6
4.28,26.05,19.97
3.67,29.98,18.21
-0.62,23.65,15.05
-6.59,7.59,9.17
-2.7,4.03,8.05
1.86,2.16,7.13
9.68,4.01,5.61
13.65,8.77,5.69
13.13,10.47,5.3
7.98,13.61,3.63
4.96,14.28,4.36
2.08,14.23,3.03
-3.98,11.68,-12.92
-3.27,9.71,-12.1
-1.87,6.96,-10.09
1.25,4.76,-11.6
2.83,5.8,-11.64
5.32,8.35,-4.57
12.98,15.94,17.87
10.68,21.62,17.68
0.2,19.68,9.97
-4.57,6.67,4.71
-0.23,3.06,3.58
5.44,1.78,2.55
11.76,9.77,4.01
9.57,12.09,4.3
7.05,12.14,4.78
3.72,10.68,5.67
3.54,12.82,3.34
3.42,15.18,2.17
6.11,17.4,3.67
6.19,16,3.34
-0.58,14.81,3.74
-0.86,13.06,-2.71
-0.18,11.93,-10.52
0.09,10.9,-12.77
-1.55,5.03,-10.88
-0.81,4.26,-8.84
2.92,5.13,-3.98
4.73,5.61,-3.21
8.14,8.52,-4.51
9.07,14.77,9.65
10.71,17.29,19.22
10.07,19.17,23.11
-1.03,12.27,9.88
-3.86,8.59,5.01
-2.48,5.61,3.41
4.96,4.28,1.32
6.78,11.47,2.8
5.42,11.85,4.63
6.01,10,4.4
7.03,9.85,4.53
5.13,15.64,-0.64
3.81,16.39,-1.78
2.46,15.85,-4.57
-0.57,12.98,-6.07
-2.78,10.68,-8.17
-3.39,9.92,-8.22
0.03,8.78,-8.23
3.01,9.35,-7.26
14.94,10,5.09
13.05,14.5,8.93
8.22,14.98,9.43
5.13,12.19,6.51
0.33,8.97,1.89
1.2,9.77,1.62
1.61,11.06,2.46
4.88,10.46,3.08
6.15,9.93,3.3
4.03,9.94,5.82
3.92,9.81,6.44
3.77,9.86,6.28
3.67,10.13,5.69
5.51,11.64,2.75
6.82,13.21,1.32
8.72,15.36,1.23
7,16.94,6.36
1.29,14.32,1.25
-0.34,13.39,-1.01
-2.27,11.72,-7.96
-2,9.97,-10.02
-1.6,7.69,-11.52
1.87,4.07,-11.93
3.72,3.41,-7.57
5.17,2.56,-6.01
13.88,10.77,23.42
13.23,13.36,6.05
0.4,23.23,16.21
-3.13,10.06,5.67
-3.69,8.06,4.34
5.65,8.15,-0.18
7.69,9.22,0.55
7.73,10.88,1.64
5.09,10.97,2.32
5.61,10.69,3.3
5.55,10.13,4.69
3.58,9.84,7.32
5.19,11.47,4.84
4.84,13.43,4.94
2.56,13.81,2.04
3.54,14.35,-1.86
0.62,12.21,-11.01
-1.23,9.94,-10.52
-2.04,7.59,-11
-1.08,5.82,-10.72
7.94,9.64,4.63
13.57,9.02,8.01
10.71,17.59,13.84
5.73,17.59,16.7
1.36,11.97,12.76
0.43,6.42,5.82
3.99,6.92,4.46
6.71,8.1,3.74
9.27,9.53,4.51
5.69,8.56,5.59
4.57,7.86,5.92
9.27,10.61,4.88
9.39,14.3,1.83
1.77,19.36,-10.47
-2.69,15.14,-11.5
-4.67,11.81,-11.84
-5.19,8.56,-13.35
0.11,2.22,-11.38
-,-,-
4.42,4.05,-10.28
18.26,12.77,9.44
20.8,17.6,16.56
5.21,24.4,14.72
-6.71,10.38,4.96
-7.01,8.07,3.5
-1.71,6.44,2.28
7.67,7.34,2.24
8.76,9.51,3.02
8.27,11,3.68
5.19,10.72,5.86
3.43,9.61,7.94
2.27,9.63,9.05
2.41,9.89,8.25
4.01,10.53,6.21
5.15,12.09,4.67
7.38,12.97,2.58
8.25,13.39,3.9
7.32,13.71,4.38
3.85,13.39,2.05
2.16,13.26,-5.9
-0.94,12.03,-10.01
-0.15,10.61,-11.64
1.46,8.67,-13
2.32,7.5,-14.81
2.16,6.38,-14.14
2.95,5.3,-10.22
3.96,3.67,-6.57
9.56,15.72,31.47
3.04,10.02,12.93
1.25,18.53,1.98
-5.44,24.39,18.07
-3.48,7.76,10.19
-0.28,5.25,7.05
5.42,4.96,3.03
8.84,7.15,1.92
10.03,9.1,2.71
7.48,8.8,6.19
7.46,8.02,6.88
8.27,7.61,6.03
7.84,10.17,4.32
5.8,11.77,5.61
4.9,12.01,-0.43
5.19,13.3,-7.11
4.21,15.52,-7.51
2.67,13.53,-8.27
2.67,11.06,-8.61
0.47,9.55,-12.72
0.12,9.81,-11.13
-0.09,10.73,-5.42
-0.18,12.18,6.75
-2.78,14.81,2.61
-1.78,21.88,7.67
-1.27,23.06,13.15
-0.18,10.81,6.67
0.92,9.4,5.76
3.03,7.76,4.8
7.73,7.09,3.41
8.52,7.38,3.74
8.25,8.35,4.32
6.8,9.52,5.11
6.03,9.63,6.65
6.32,8.94,7.32
6.26,8.47,7.9
6.96,8.81,6.3
7.82,10.19,4.63
8.11,11.65,3.2
7.9,12.78,1.66
8.21,14.71,2.2
6.61,15.02,1.37
4.05,15,0.76
0.88,13.5,-4.38
0.93,12.59,-6.53
1.69,11.56,-8.03
2.93,10.14,-8.98
5.03,8.39,-10.06
5.07,8.3,-10.09
4.11,8.39,-9.6
2.25,8,-7.17
1.5,8.11,-5.51
1.09,8.26,-3.07
0.81,8.63,0.34
0.87,8.05,9.53
1.55,10.88,17.47
-0.67,14.55,15.68
-5.15,33.63,16.62
-7.13,23.38,13.39
-5.82,9.52,7.48
-3,4.13,4.98
8.23,7.76,0.67
10.76,9.11,-1.33
11.17,9.93,-1.49
10.18,9.8,-0.05
5.26,10.46,1.95
5.13,10.96,2.4
6.07,10.32,3.3
7.53,8.18,5
8.25,8.1,4.38
8.14,10.18,0.43
7.23,13.01,-8.22
0.83,14.53,-13.43
-2.42,13.14,-13.05
-2.34,11.23,-11.39
4.59,10.1,-1.99
6.11,12.97,2.47
5.28,15.52,5.19
4.59,16.57,6.25
2.19,11.51,5.59
1.59,9.55,5.63
2.33,8.67,5.96
5.86,7.96,7.05
6.57,8.43,7.65
6.46,9.11,7.69
5.94,9.23,7.51
5.15,7.76,8.97
5.5,6.94,9.52
6.32,6.57,9.92
9.19,7.71,3.88
10.17,10.34,-0.5
10.14,14.38,-2.38
8.36,17.81,-1.88
1.69,16.95,0
-1.73,15.65,-4.78
-2.96,14.02,-9.68
-3.29,11.06,-10.98
-3.73,8.81,-11.46
-4.34,6.86,-10.67
-4.28,6.4,-9.43
0.43,7.51,4.82
5.48,8.22,12.6
7.3,12.98,12.97
6.84,24,16.01
4.05,20.02,11.17
1.66,9.69,8.14
1.83,3.86,6.42
6.01,2.61,2.67
8.01,4.92,1.22
10.85,8.14,0.09
13.4,11.19,-0.25
11.22,14.11,-3.28
8.21,13.26,-8.15
5.69,11.75,-12.97
-1.48,10.35,-14.6
-6.05,9.3,-12.67
-7.4,8.72,-5.46
-4.4,8.38,6.19
1.91,16.71,5.3
4.48,27.95,10.6
2.71,27.6,10.27
-0.64,8.57,6.8
1.01,5.34,5.76
4.36,4.44,3.39
7.53,5.11,3.38
11.13,7.36,4.75
11.5,8.14,6.03
10.56,8.21,7.11
9.31,7.76,6.9
8.82,8.61,6.05
8,9.8,5.03
7.5,10.93,4.15
7.76,13.13,6.17
7.09,13.93,6.69
5.44,14.94,0.82
1.62,15.64,-9.01
-1.38,14.43,-11.21
-4.28,12.81,-13.05
-6.23,10.88,-15.26
-5.42,7.73,-18.11
-4.19,6.63,-15.72
-2.95,6.21,-11.06
3.8,0.44,13.88
1.07,18.68,-8.88
0.67,37,3.34
2.31,5.19,8.26
6,-0.46,7.53
8.89,2.09,7.86
7.36,7.15,5.86
8.77,9.53,8.35
8.71,7.82,7.3
7.17,8.32,7.88
7.9,8.68,5.51
8.31,9.43,3.33
7.57,10.59,3.52
8.59,15.69,-4.65
6.48,16.28,-5.36
0.44,15.1,-10.28
-1.46,13.38,-12.39
-3.65,9.4,-17.39
-5.28,8.26,-14.88
-3.53,8.89,-5.96
3.86,12.1,17.92
-0.36,30.79,7.63
-0.11,29.84,12.89
0.27,14.14,8.17
4.13,5.82,6.53
8.14,7.57,4.53
10.73,6.75,7.26
11.53,7.23,7.98
10.55,7.8,9.48
6.92,7.32,10.38
-,-,-
6.63,7.26,7.94
5.88,8.85,6.48
6.23,13.85,7.05
5.57,17.38,-6.03
5.19,17.7,-9.3
3.4,13.84,-11.07
2.25,11.32,-10.34
1.12,9.18,-10.3
0.93,7.92,-13.1
0.91,9.53,-10.97
0.44,10.56,-8.05
0,10.86,-0.56
5.63,14.35,23.47
0.68,8.97,16.48
-6.82,19.56,-2.84
-4.73,23,10.59
7.15,8.76,4.55
5.34,10.05,7.3
4.09,9.77,5.82
5.71,9.26,4.76
4.65,9.14,4.26
5.34,10.51,3.01
5.76,11.6,2.73
4.78,11.36,4.69
5.86,8.13,6.8
7.82,7.84,5.78
13.85,12.5,1.12
13.77,16.18,-0.82
0.87,14.22,-13.25
-2.39,12.46,-16.92
-4.88,11.56,-18.3
-6.63,8.64,-20.67
-8.03,4.55,-16.82
0.05,10.42,11.81
1.9,10.75,5.51
5.38,35.88,4.4
3.4,37.9,15.86
-1.2,13.13,8.48
1.82,1.07,8.92
5.67,2.91,4.76
8.34,5.57,4.15
12.3,8.43,5.19
12.81,9.36,6.71
9.96,9,8.31
6.86,8.18,9.4
5.71,7.4,8.69
6.4,8.85,7.69
6.75,12.64,4.4
6.44,16.96,-4.71
5.84,17.05,-8.31
3.45,16.07,-10.6
-0.62,13.27,-12.4
-2.46,12.27,-14.43
-2.71,10.97,-16.54
-2.51,9.44,-15.97
-1.89,8.3,-9.55
0.12,10.09,-3.77
5.69,14.77,16.31
0.86,6.57,-0.68
-4.25,16.51,-7.11
-2.83,24.2,7.82
0.75,18.56,14.81
5.36,6.59,8.21
5.3,8.76,10.63
3.93,8.75,10.72
7.38,7.84,9.56
6.71,6.9,10.3
6.01,7.3,10.51
5.76,8.63,9.02
7.05,11.96,4.84
8.07,13.02,5.36
9.88,13.72,6.17
7.23,14.42,-1.8
5.3,14.38,-6.36
4.23,14.65,-9.97
1.9,14,-12.38
-1.28,9.5,-14.48
-1.82,6.8,-16.05
-2.24,4.73,-16.3
-4.71,5.15,-9.78
-1.8,8.18,2.7
6.9,13,35.75
3.75,3.51,7.51
2.85,39.22,11.77
1.75,30.2,10.17
0.4,8.64,2
2.46,4.03,4.76
3.41,5.51,1.13
6.59,8.28,2.07
8.85,9.93,2.55
7.55,11.06,3.86
5.3,9.31,5.13
5.84,8.88,5.94
6.42,7.61,9.44
6.59,7.55,9.32
7.78,8.1,7.82
9.6,10.18,6.03
7.17,14.93,3.35
5.76,15.77,0.87
4.59,16.04,-3.26
2.91,15.97,-5.98
-0.81,13.42,-8.71
-1.6,12.23,-10.31
-1.44,11.69,-11.34
1,9.47,-13.9
2.06,8.59,-12.56
2.77,8.47,-10.09
2.75,8.51,-6.71
7.67,13.64,25
4.98,6.86,21.53
-5.44,4.84,-7.51
-7.94,29.97,14.42
-2.07,19.78,11.56
1.28,8.19,5.23
4.26,7.96,7.84
5.36,9.13,2.57
9.72,9.56,1.97
11.88,7.11,3.03
9.85,7.57,4
8.72,8.47,4.75
8.59,8.59,5.73
8.47,8.27,7.05
8.85,7.92,6.75
9.35,9.39,5.86
9.05,11.42,4.8
9,14.1,3.35
8.92,14.38,2.03
7.82,14.35,-0.68
5.69,14.1,-4.07
-1.4,12.78,-10.07
-4.28,11.64,-14.1
-5.42,10.8,-17.39
-5.28,9.52,-18.39
-3.77,7.03,-15.13
-2.53,6.51,-11.65
-0.74,7,-7.57
6,14.85,21.96
6.28,14.69,23.67
0.72,17.64,2.81
1.8,34.27,9.15
-3.09,8.47,9.27
1.01,2.13,7.71
4.09,2.59,8.96
9.1,5.96,3.73
10.47,7.17,4.92
10.63,8.9,4.8
9.59,9.14,4.48
7.34,8.23,4.9
7.23,8.68,5.65
7.21,8.72,6.42
7.71,9.07,4.26
8.81,10.52,2.57
9.56,12.86,1.85
9.84,15.67,2.99
6.09,17.38,5.78
2.03,16.18,-2.17
-0.72,15.14,-11.23
-3.25,12.89,-17.97
-4.26,11.97,-18.35
-4.73,9.35,-16.87
-3.2,6.36,-15.85
1.46,7.9,-7.59
2.53,10.72,-1.24
5.32,15.9,16.23
2.25,10.72,2
-3.01,19.01,-3.29
-4.42,26.06,14.18
-1.41,17.37,14.84
3.38,4.86,5.71
4.4,6.19,5.63
5.38,6.15,2.54
9.67,9.97,3.3
8.89,9.47,4.32
6.4,8.84,5.07
7.55,8.39,3.88
9.43,10.31,1.82
10.18,13.52,0
9.5,16.95,1.27
1.35,17.28,-3.59
-0.73,14.39,-11.25
-1.91,11.84,-13.02
-4.42,6.13,-12.77
-2.46,6.75,-11.13
-0.43,8.13,-6.94
4.17,10.86,10.39
4.82,13.65,10.31
6.9,21.52,11.92
5.07,16.88,13.11
1.36,5.26,10.56
1.17,4.11,10.42
3.41,6.15,6.71
5.19,8.27,6.53
6.61,9.27,6.98
6.17,10.22,8.84
7.26,9.53,7.76
9.26,9.89,5.92
12.92,15.98,4.96
12.15,20.81,-14.03
4.53,23.42,-19.97
-9.4,6.53,-20.78
-,-,-
-6.51,0.34,-21.05
-5.15,-3.01,-19.14
3.44,5.34,-10.86
12.61,11.13,8.53
8.26,39.22,22.95
-3,28.48,15.02
-10.26,10.93,8.32
-11,1.91,8.05
9.64,0.62,6.67
13.23,5.92,7.78
17.34,13.76,5.17
8.14,11.93,-8.53
3.63,10,-9.01
-3.71,8.47,-9.96
-1.72,6.46,-9.68
1.47,6.46,-4.25
6.11,8.77,5.76
6.94,21.86,14.28
3.27,23.87,10.94
-1.8,10.46,5.98
-0.5,6.53,5.19
4.96,5.07,6.36
12.56,10.48,-8.38
13.85,16.09,-9.67
10.31,18.3,-10.06
-1.95,8.18,-8.53
-1.62,5.13,-7.51
-1.98,5.55,-6.94
-0.09,9.76,-3.83
3.68,12.93,2.18
5.96,19.95,12.25
2.54,18.98,12.47
0.5,13.93,11.02
0.43,9.42,8.98
2.61,6.46,6.44
4.51,6.86,5.42
6.17,7.76,4.3
7.28,9.47,3.44
7.8,9.46,3.57
7.48,9.34,5.15
5.96,9.72,4.75
4.78,12.25,-9.97
2.21,13.25,-14.43
-2.05,12.06,-14.1
-4.28,7.8,-12.19
2.08,6.86,-1.55
8.56,6.61,4.59
8.53,11.89,5.36
4.15,25.65,14.97
1.89,20.03,10.75
-1.15,12.56,7.84
-2.92,6.61,5.78
0.74,5.9,4.34
5.23,6.94,3.31
9.15,8.82,3.44
10.63,7.96,5.96
8.81,7.21,7.51
7.11,7.01,7.78
7.96,7.57,6.07
9.18,12.15,3.09
8.72,14.85,3.6
7.78,16.02,6.65
3.13,14.68,-0.5
2.66,14.35,-3.32
2.96,13.61,-4.21
2.07,12.22,-5.03
-0.43,11.25,-10.27
-0.87,11.25,-13.17
-1.34,10.64,-15.06
-2.71,8.76,-14.21
-3.42,7,-12.77
-2.49,5.09,-9.64
4.01,7.9,12.32
4.38,-5.36,9.52
-4.07,19.56,-10.19
-2.98,39.22,7.67
-0.14,7.01,6.07
2.13,0.6,5.88
3.25,2.61,6.46
3.55,7.03,2.96
9.64,11.75,3.33
9.22,9.97,4.07
8.1,9.13,5.28
5.61,8.38,7.07
6.73,8.85,5.71
9.01,9.22,3.57
10.18,10.02,2.29
11.1,11.47,-0.21
10.89,13.18,0
9.46,14.85,1.79
4.05,15.11,0.49
2.75,14.47,-0.69
1.04,14.17,-2.92
-0.85,13.9,-6.78
-2.96,11.05,-12.46
-2.65,8.94,-15.07
-2.16,7,-14.93
-2.22,6.03,-10
-0.76,5.82,-6.01
0.95,6.69,0.23
4.67,11.59,20.42
-0.6,9.42,3.77
-5.67,25.26,-1.37
-5.84,34.97,15.82
-1.94,20.26,14.02
4.96,3.5,4.75
6.19,4.98,4.86
6.71,6.75,1.83
10.85,9.34,2.47
10.51,8.93,3.25
8.68,8.68,3.75
6.86,8.89,4.38
6.8,9.55,5.19
6.9,8.71,5.98
6.59,8.35,6.67
7.26,8.94,6.38
8.06,9.82,5.03
8.67,11.35,3.96
8.75,13.9,3.5
7.59,17.22,-0.18
5.11,17.95,-2.99
1.79,16.54,-5.82
-2.7,12.32,-11.89
-3.25,10.13,-14.77
-3.08,8.31,-15.85
-2.6,6.98,-16.61
-0.87,5.38,-12.35
-0.57,6.11,-8.31
-0.74,7.23,-3.58
1.71,12.32,9.73
2.54,16.06,13.07
5.3,25.52,17.84
7.23,33.9,22.76
-2.56,11.61,9.11
-3.82,5.38,6.01
-0.77,3.07,2.7
6.59,3.2,1.3
9.92,6.48,2.25
10.85,9.65,2.98
10.43,11.81,2.8
10.35,9.6,4.32
11.32,8.43,3.94
12.15,9.14,3.49
10.85,12.31,4.09
9.28,12.53,3.53
8.53,12.92,2.89
7.42,13.35,2
4.11,12.6,-0.85
2.71,11.92,-2.63
0.7,12.09,-4.23
-1.36,12.52,-6.44
-1.89,12.52,-9.63
-0.49,11.72,-10.25
1.32,10.64,-10.09
2.03,9.11,-8.22
1.45,9.02,-6.38
0.51,9.4,-4.11
-0.52,10.25,-1.08
-1.99,11.77,5.32
-0.28,15.11,18.2
-0.68,13.35,22.11
-7.23,12.31,-8.5
0.05,20.5,5.98
8.63,17.86,14.59
10.64,7.36,4.84
8.9,8.23,5.4
7.34,7.01,4.3
7.96,7.07,3.71
6.13,9.39,4.59
4.9,9.84,4.84
5.28,9.22,5.82
7.9,9.43,5.65
8.52,9.85,5.59
8.4,10.18,5.17
7.53,11.6,3.42
7.53,13.18,3.29
6.44,14.61,2.23
4.86,15.31,1.22
3.23,14.22,-1.09
2.41,13.06,-4.76
0.57,13.46,-9.22
-0.1,13.11,-11.77
0,11.82,-13.93
-0.23,10.25,-14.14
-1.48,7.15,-8.25
-1.16,7.75,-4.07
2.77,11.97,13.81
0.07,1.45,7.69
-6.84,11.63,-19.62
-7.42,28.93,-2.72
7.48,3.02,6.42
5.19,6.55,9.89
2.94,9.22,5.82
7.98,11.47,4.67
8.15,7.67,5.82
6.53,7.19,5.05
7.98,7.78,6.48
8.15,9.01,4.09
8.56,11.27,0.8
6.28,12.86,-3.69
-,-,-
3.89,13.82,-4.03
-1.02,12.93,-5.59
-1.04,11.84,-5.19
-1,10.96,-4.46
-0.89,10.55,-3.2
0.17,11.3,-0.43
1.62,12.18,1.87
4.3,12.72,3.5
5.61,12.72,4.21
6.69,12.63,4.53
6.94,12.03,2.8
4.69,9.78,-2.91
3.74,9.4,-3.8
3.04,9.9,-3.44
3.9,10.73,-2.07
4.55,12.1,-0.15
4.15,13.26,2.33
3.16,13.19,6.46
1.87,12.44,6.63
0.4,11.22,6.19
1.35,10.57,5.69
2.8,10.19,5.19
3.92,10.34,4.86
5.46,11.02,4.55
5.84,11.42,5.07
5.84,11.69,3.94
5.92,12.02,1.8
3.86,12.23,-3.7
2.69,12.18,-7.01
1.67,8.85,-11.81
1.92,7.38,-12.5
2.6,6.11,-11.81
3.4,5.82,-10.13
6.34,9.47,-2.94
10.09,13.85,8.73
12.85,17.46,13.9
4.36,21.12,14.75
-0.79,16.61,12.22
-4.48,11.51,8.34
-5.4,9.25,6.63
-0.88,6.86,4.57
3.16,7.73,3.56
5.65,9.73,3.24
6.23,10.73,4.11
4.94,10.93,3.77
3.67,11.56,2.79
3.69,12.26,0.62
5.01,12.57,-6.78
4.55,12.22,-8.43
3.75,10.82,-8.75
2.77,7.98,-7.4
2.54,7.73,-6.13
3.75,8.94,-1.47
5.63,11.06,3.72
6.32,15.21,10.8
4.4,15.77,11.6
2.78,15.22,10.34
-0.14,11.6,6.48
0.33,9.6,4.46
2.28,8.53,3.36
4.38,8.61,3.25
7.46,11.39,-6.46
7.88,12.6,-10.19
6.32,12.14,-11.93
1.57,10.57,-12.02
0.89,9.27,-11.35
2.05,7.82,-7.34
4.13,8.17,-1.4
5.15,15.48,7.73
3.03,18.32,9.6
1.12,19.21,10.47
-0.49,17.31,10.52
-1.42,10.43,7.98
-0.14,8.6,6.59
2.31,8.22,5.76
7.4,8.65,4.78
8.09,8.35,5.01
8.1,7.73,5.55
7.48,7.42,6.19
4.96,8.25,6.86
4.86,8.8,6.19
5.57,9.77,5.03
8.06,14.86,6.01
6.98,16.44,-1
4.15,17.26,-6.96
0.68,15.88,-8.47
-2.5,11.18,-8.73
-2.68,9.1,-9.64
-1.84,7.17,-11.42
-0.34,6.36,-10.67
0.8,7.19,-9.13
2.84,8.63,-7.73
4.09,9.35,-5.76
10.38,12.76,11.68
13.19,16.53,19.2
11.14,21,20.86
1.42,16.2,15.89
-1.55,9.65,11.77
-3.08,5.96,9.5
-2.4,3.03,7.82
4.25,4.11,5.63
6.32,8.43,4.57
8.6,12.5,-0.25
9.13,16.79,-11.72
6.53,17.18,-12.47
3.09,14.96,-12.21
-0.15,11.68,-12.25
0.85,5.98,-12.1
3.7,4.94,-6.48
6.53,6.75,0.88
8.31,11.06,8.11
4.26,20.54,13.01
1.08,21.34,11.56
-1.17,17.92,8.77
-3.75,8.88,5.53
-1.34,7.25,3.6
2.46,6.82,2.31
5.8,7.65,1.86
10.34,10.14,1
10.47,11.56,0.34
9.11,12.88,0.07
5.55,13.42,-5.76
2.67,12.27,-6.82
0.28,10.61,-6.63
-0.17,9.39,-6
0.5,8.52,-3.97
1.14,9.4,-1
2.54,10.86,3.27
4.69,14.34,9.86
4.01,15.52,11.35
2.98,15.36,10.85
1.7,13.85,9.52
1.63,10.09,6.03
3.15,9.69,5.8
4.69,9.73,4.84
6.05,10.15,-5.23
5.09,10.38,-6.84
3.94,9.81,-7.19
3.18,9.03,-7.32
3.18,9.03,-7.32
2.41,7.46,-5.44
2.13,7.86,-3.93
4.09,11.98,5.15
5.15,14.03,8.88
4.92,16.29,11.53
3.25,16.98,12.5
-0.51,13.34,10.27
-0.8,10.92,7.78
0.97,9.42,5.28
6.11,8.43,2.74
8.13,9,2.05
9.59,10.06,2.36
9.72,11.14,3.35
6.67,12.38,-8.44
4.05,13.03,-11.35
1.17,12.1,-12.44
-0.61,10.63,-12.1
0.43,7.13,-10.73
2,6.86,-6.84
5.01,9.28,1.44
4.32,21.55,11.19
1.69,20.64,9.88
-0.79,15.44,7.11
-0.63,8.84,4.44
1.52,7.82,3.5
4.61,7.78,3.06
8.35,8.9,2.85
8.18,9.27,3.13
5.76,10.23,3.49
4.21,11.23,3.56
4.11,11.28,1
3.35,11.46,-4.96
1.09,10.03,-9.64
0.67,7.3,-8.53
1.89,7.13,-6.46
6.59,11.07,4.65
6.92,15.15,9.47
4.78,18.38,12.47
-1.16,13.23,8.63
-1.05,10.25,6.88
1.13,8.22,5.11
7.51,7.26,4.36
8.44,8.31,4.73
7.65,10.42,4.78
7.19,10.94,5.3
8.05,11.35,3.29
3.88,16.62,-9.64
-0.18,15.27,-9.98
-2.84,12.43,-9.64
-1.08,7.57,-10.5
2.13,7.44,-9.55
2.27,8.53,-7.61
4.13,11.51,-1.37
5.76,13.5,6.01
2.55,20.22,14.96
-1.08,17.87,14.43
-1.41,13.02,11.84
-0.68,8.97,9.38
4.67,4.98,5.61
6.84,5.8,4.98
-,-,-
8.02,7.46,4.94
7.11,9.6,4.98
6.42,12.31,5.36
5.92,13.35,-4
4.69,15.42,-10.65
1.5,15.6,-13.31
-2.89,8.35,-11.69
-0.54,5.32,-12.13
2.54,5.01,-6.3
10.47,12.06,10.93
5.71,21.76,14.06
2.81,21.47,11.64
-2.89,9.71,7.98
-3.08,7.48,6.71
-0.46,5.71,5.55
7.36,8.47,4.78
8.14,9.5,5.15
7.94,10.39,6.23
6.21,8.3,0.3
6.55,12.01,-10.72
6.28,18.92,-13.11
4.63,16.98,-12.63
1.1,11.97,-11
-0.47,9.32,-9.14
1,9.31,2.26
2.69,11.02,6.34
2.44,14.56,8.69
1.21,19.87,8.48
0.56,17.59,6.86
-0.03,12.85,5.61
0.38,8.92,5.13
4.4,6.88,4.42
6.42,7.19,4.19
7.82,8.01,4.03
7.88,9.94,3.73
6.75,10.43,4.05
6.13,11.13,4.46
5.76,11.97,5.36
4.28,12.57,0.81
2.33,12.64,-1.21
-0.05,12.22,-4.59
-1.62,11.88,-6.9
-1.77,9.64,-9.21
-0.98,8.52,-9.6
0.23,7.75,-10.02
3.42,7.71,-7.8
6.53,8.97,-3.72
10.02,11.5,5.42
11.59,14.35,12.02
5.65,21.8,14.06
2.24,17.87,11.56
0.75,11.23,7.86
1.13,6.4,5.92
3.13,5.46,5.78
5.3,5.92,5.71
6.98,7.76,5.84
8.22,10.72,5.48
8.75,11.02,4.76
9.81,12.43,4.28
9.75,15.85,6.53
6.65,16.11,5.48
2.57,14.76,-2.53
-1.09,13.85,-10.19
-6.71,11.17,-13.27
-7.11,8.75,-13.69
-6.23,6.48,-14.39
-1.42,5.57,-11.47
0.5,7.96,-7.8
1.89,9.68,-4.71
2.89,10.23,0.67
6.46,13.43,10.31
7.86,23.1,10.73
6.84,29.79,17.29
2.72,7.13,7.65
2.49,5.53,4.92
4.21,3.85,2.8
7.44,2.7,0.93
10.52,7.3,3.07
8.81,10.47,3.68
6.4,12.39,3.79
5.09,12.02,4.23
5.65,10.05,6.5
5.69,9.68,7.61
5.34,9.51,8.25
7.3,9.89,6.21
7.76,11.78,6.46
8.19,13.38,5.53
8.21,14.98,6.15
6.07,16.73,-7.5
1.92,15.97,-9.94
-3.21,15.23,-12.21
-9.19,11.78,-15.11
-6.75,8.93,-15.85
-3.22,6.38,-14.8
-0.43,6.28,-11.78
7.23,11.19,6.71
14.57,17.01,30.44
10.55,6.32,16
-10.17,19.48,-7.63
-7.03,23.98,10.46
-0.77,15.26,13.89
3.38,7.07,9.38
5.48,8.92,8.17
6.05,10.25,6.98
10.31,10.1,5.4
8.97,6.8,5.86
7.23,7.01,6.21
6.63,7.78,6.32
7,8.07,6.07
9.97,9.07,4.55
9.97,9.07,4.55
10.85,13.67,5.03
8.17,15.14,4.13
5.19,14.06,0.1
1.87,12.27,-4.09
0.12,10.98,-6.61
-1.69,9.97,-7.86
-3.26,8.43,-10.05
-4.28,7.01,-13.43
-5.38,6.51,-15.1
-5.86,8.81,-11.64
-4.67,8.22,-9.13
-3.44,8.56,-7.36
-0.43,13.64,-5.03
8.14,22.26,16.21
8.14,22.26,16.21
16.27,33.47,20.39
-2.59,14.09,8.67
-3.32,4.46,1.04
-1.64,2.09,0.2
5.57,0.66,-0.1
8.59,4.78,1
11.02,11.39,2.23
11.39,15.57,2.53
9.84,8.55,4.96
9.42,6.98,6.13
8.89,7.59,6.11
7.8,11.38,5.34
7.61,13.75,6.21
6,14.56,5.59
3.73,14.78,2.77
3.73,14.78,2.77
-2.47,12.09,-7.3
-5.53,11.53,-8.72
-8.25,8.38,-10.6
-8.25,8.38,-10.6
-0.92,6.46,-9.9
0.66,8.98,-7.38
3.78,14.06,16.85
3.38,11.97,13.86
1.04,12.98,-1.6
6.34,11.02,9.44
5.26,6.21,6.98
4.15,6.34,8.22
4.15,6.34,8.22
8.06,7.46,4.98
8.85,9.18,5.19
7.55,10.35,5.05
7.38,9.81,5.65
7.76,8.97,6.3
10.22,11.1,4.42
11.47,13.09,3.16
12.63,15.85,1.79
8.13,17.21,-0.81
-0.05,13.52,-7.09
-3.08,12.77,-9.96
-6.32,10.85,-12.89
-5.53,8.93,-13.06
-2.71,5.36,-13.69
-0.74,7,-6.67
-0.25,8.1,-2.9
-0.37,9.71,0.64
3.19,14.1,12.1
3.69,17.73,3.42
6.25,27.37,13.88
4.73,7.34,6.15
2.82,5.61,4.69
7.86,7.23,2.59
8.86,9.77,3.32
8.44,11.3,3
7.76,8.35,5.28
8.26,8.27,6.03
8.1,8.25,6.67
7.48,8.93,6.92
6.07,11.42,6.01
5.19,13.39,5
4.34,16.69,0.86
2.97,17.39,-2.72
1.69,16.81,-6.96
-3.57,11.88,-14.96
-3.32,9.1,-15.11
-2.72,6.46,-14.96
-1.45,6.21,-9.98
5.55,13.89,22.7
-3.22,7.38,-7.19
-5.36,25.27,-7.4
-0.38,33.22,14.02
5.23,4.86,8.01
3.2,4.07,3.67
3.77,7.69,1.62
-,-,-
6.86,10.6,4.3
6.19,8.77,4.44
6.61,8.14,4.48
9.53,9.64,4.51
10.51,11.22,3.17
10.97,14.43,1.85
7.36,14.18,4.67
4.4,13.71,3.68
2.59,13.43,0
-4.63,13.48,-12.68
-6.44,12.6,-15.01
-6.25,10.71,-15.72
-2.96,6.65,-13.42
0.46,7.5,-5.03
8.59,15.15,34.45
1.47,6.51,-1.25
-3.73,19.61,-10.71
-1.08,30.54,8.36
3.84,5.26,5.15
4.96,5.78,8.52
4.61,6.51,5.59
8.89,9.39,4.82
10.14,8.1,5.94
7.46,7.92,5.78
8.46,8.52,7.42
8.3,8.6,8.86
8.1,8.47,9.39
6.94,9.1,9.27
5.98,9.81,8.97
5.44,10.72,8.36
5.61,11.07,6.61
6.26,14.52,-1.41
6.03,18.67,-4.17
3.84,22.04,-6.42
-3.4,17.48,-14.51
-4.03,13.6,-14.81
-3.2,10.02,-14
-3.05,6.69,-13.92
-2.64,3.24,-13.05
-0.73,3.28,-10.69
1.97,4.9,-6.98
7.21,10,9.77
9.18,3.93,14.56
-2.8,10.25,-15.97
-4.3,27.61,-1.47
3.64,9.14,3.17
5.5,4.17,1.12
5.42,6.82,4.57
1.94,8.68,-0.31
6.61,13.89,1.76
6.09,10.93,2.51
3.89,10.47,2.19
4.73,10.18,4.26
6.38,9.28,5.21
7.4,8.36,6.82
7.32,8.31,7.88
5.86,10.1,6.34
4.96,11.56,5.61
3.67,12.32,4.59
4.03,13.25,4.51
4.07,13.61,1.98
4,13.43,-4.59
2.33,13.05,-9.31
-3.05,12.31,-14.09
-3.88,11.18,-14.32
-3.88,11.18,-14.32
6.78,10.35,10.9
9.68,10.27,17.95
5.09,6.69,-5.19
3.5,14.81,-6.9
6.9,15.42,8.75
4.61,8.77,6.67
3.93,7.63,7.05
1.16,11.02,5.34
1.23,11.97,6.11
1.23,11.97,6.11
3.25,10.61,5.36
2.71,9.77,7.05
1.37,8.8,8.89
1.37,8.8,8.89
0.75,8.77,10.43
3.25,9.43,5.82
4.8,11.31,1.02
6.36,14.53,-2.27
7.61,18.96,-2.42
4.63,17.38,-0.88
0.44,15.36,1.52
-1.37,13.85,1.51
-0.28,10.31,-14.23
-0.28,10.31,-14.23
0.02,9.52,-15.14
-1.49,4.07,-14.25
0.95,3.74,-8.97
11.47,8.36,18.32
11.47,8.36,18.32
18.11,7.42,27.6
11.53,23.87,10.88
4.34,13.97,6.11
-1.08,7.44,3.49
-1.08,7.44,3.49
-1.69,8.9,2.8
-1.15,14.47,2.28
3.07,12.27,0.64
5.03,10.92,0.57
5.03,10.92,0.57
5.59,11.26,0.18
4.84,10.39,2.45
3.73,10.97,3.25
2.75,11.76,4.13
1.91,11.96,5.36
1.91,11.96,5.36
2.96,12.88,3.32
2.47,12.21,2.19
4.03,11.05,1.24
4.03,11.05,1.24
6.01,10.32,1.88
5.28,10.01,-0.85
4.23,10.18,-5.57
2.93,10.17,-9.92
0.99,9.56,-12.14
0.99,9.56,-12.14
0.34,9.39,-5.26
2.5,12.21,6.17
2.67,10.85,2.29
7.11,13.13,-1.86
11.67,14.59,5.44
10.1,6.96,8.84
4.17,7.63,8.46
0.14,9.48,7.8
-0.61,11.76,6.36
0.01,12.35,4.07
4.42,10.22,4.4
5.28,8.85,5.86
5.82,8.27,8.77
6.88,8.9,6.67
8.06,10.32,3.2
3.58,13.38,0.6
2.21,14.26,-2.41
0.14,15.89,-6.63
-1.02,15.09,-12.07
0,12.31,-10.88
9.52,4.57,0.83
11.25,4.25,-2.28
8.98,8.18,-4.05
6.05,12.63,2.16
1.4,12.53,6.48
-1.49,13.97,5.96
0.1,15.6,1.92
1.65,13.46,1.58
3.53,9.98,2.29
5.03,7.51,3.2
4.3,8.96,4.61
3.98,9.43,5.53
4.94,9.56,6.32
6.98,8.17,9.88
8.07,8.61,8.01
9.06,10.68,5.88
7.96,15.85,4.59
7.8,15.72,5.71
5.05,12.68,-0.63
4.63,11.65,-6.42
3.53,10.31,-9.81
0.56,9.6,-11.64
-3.53,8.65,-13.67
-2.76,6.88,-13.34
-0.02,6.48,-6.88
0.75,6.11,-4.59
2.63,7.01,2.16
7.3,12.05,21.96
3.74,8.06,8.52
-2,21.56,-0.95
0.1,5.19,3.42
2.58,4.8,1.69
3.21,7.96,2.74
4.69,9.43,-0.43
9.05,11.43,0.6
7.69,10.77,1.41
6.76,9.73,2.51
8.18,8.03,5.26
8.02,7.57,7.03
8.02,7.57,7.03
6.42,10.35,5.82
5.03,12.1,4.36
3.04,12.97,2.95
2.54,12.75,1.38
3.61,12.36,-0.14
2.69,12.8,0.2
1.33,12.81,-7.32
1.52,13.07,-7.96
2.75,12.47,-8.47
4.32,11.39,-8.56
3.49,10.22,-7.19
2.28,10.23,-4.36
0.85,8.78,10.77
-6.32,8.89,-1.38
-10.14,15.55,-4.19
-6.67,20.04,6.78
2.99,11.14,8.51
3.73,11.27,5.82
3.47,12.27,5.38
-,-,-
7.8,9.52,3.39
7.71,8.89,4.01
6.15,8.34,4.76
5.17,7.42,7.78
5.53,6.92,8.51
7.51,6.94,6.51
13.05,12.89,2.44
13.51,17.03,1.21
5.53,16.1,-1.42
-0.3,12.93,-6.76
-0.99,11.9,-9.5
-1.69,11.15,-12.56
-2.98,10.53,-13.94
-2.72,6.98,-14.61
-1.12,6.05,-10.43
6.03,13.88,20.62
9.48,14.8,33.81
2.02,9.26,4.26
-2.99,24.06,-1.92
-1.71,16.62,14.34
-1.25,3.43,3.74
1.11,4.46,4.11
4.75,5.38,2.65
8.97,8.6,1.9
10.89,10.64,3.25
9.92,10.27,3.93
5.51,9.47,4.17
6.42,9.57,3.36
7.19,9.56,2.69
6.71,8.82,4.44
6.9,8.38,5.55
6.84,8.47,6.15
6.53,9.14,6.44
7.63,11.23,1.7
9.15,13.69,-0.43
9.6,16.14,0.15
5.98,14.93,0.54
3.61,12.68,-2.67
1.84,11.44,-5.28
0.31,10.68,-7.53
-2.21,9.93,-10.92
-3.34,9.44,-13.93
-3.93,9.1,-16.2
-5.05,9.21,-13
-3.73,10.34,-3.75
3.19,15.72,25.93
3.35,12.68,25.51
2.54,35.5,4.21
1.66,32.74,12.42
-0.93,9.57,4.86
-0.93,9.57,4.86
4.21,2.23,7.84
5.69,5.9,4.44
7.84,8.71,5.36
8.65,10.22,4.61
8.65,10.22,4.61
6.4,9.48,5.94
2.19,10.21,7.05
2.56,9.69,7.65
3.48,9.31,7.67
4.32,9.18,6.92
4.32,9.18,6.92
9.21,12.72,-0.92
10.27,15.77,-0.64
9.55,17.1,0.81
9.55,17.1,0.81
3.18,13.6,0.14
0.18,10.89,-0.85
-0.05,9.31,-2.38
0.31,8.78,-3.49
0.31,8.78,-3.49
1.11,8.61,-4.07
1.87,8.43,-3.68
0.38,5.9,-4.11
-0.46,5.98,-4.32
-0.46,5.98,-4.32
-1.27,9.52,-6.98
-0.56,11.39,-9.11
1.25,15.1,6.32
1.48,11.43,4.15
1.48,11.43,4.15
3.23,13.68,2.29
6.09,16.94,6.92
8.42,16.04,17.01
3.48,13.43,13.18
3.48,13.43,13.18
-0.67,12.61,7.44
-0.81,10.75,0.6
0.58,9.39,-0.56
5.44,12.28,0.1
5.44,12.28,0.1
5.8,12.15,1.24
6.13,10.76,1.85
10.47,14.25,-3.02
8.59,16.04,-8.97
3.45,14.78,-12.61
-7.05,8.39,-12.57
-7.13,5.92,-12.59
1.51,3.99,-4.86
13.6,14.3,16.21
12.53,22.75,16.1
9.71,27.04,15.34
-1.01,2.88,4.9
0.83,2.52,5.03
3.24,3.09,4.8
6.9,9.5,5.15
4.53,12.77,6.61
2.21,7.84,9.27
3.42,6.92,9.4
4.84,7.21,7.78
10.1,17.69,2.41
10.17,21.65,4.51
7.51,21.39,4.76
2.68,18.98,3.69
-1.73,12.18,-1.25
-0.38,9.86,-7.09
-0.79,6.51,-14.07
-1.54,4.55,-15.39
-1.34,1.59,-15.78
2.4,2.28,-5.3
4.51,3.19,-1.75
5.34,6.96,4.53
13.4,25.63,22.51
15.68,32.16,27.82
6.71,24.53,18.98
-6.25,9.55,6.82
-5.96,5.61,-1.27
4.07,7.19,-2.68
6.53,12,-2.49
7.51,14.64,-2.28
8.93,12.14,-2.4
9.39,11.22,-1.03
8.17,10.96,0.1
2.09,12.28,1.45
1.12,13.75,1.8
1.01,13.72,2.39
1.37,11.46,4.09
2.23,10.56,4.76
7.44,9.27,4.53
8.89,9.4,3.82
10.06,10.28,2.89
10.59,12.5,2.63
1.19,12.59,3.65
-2,10.82,3.99
-3.41,8.43,0.87
-1.24,3.23,-13.32
0.46,1.88,-14
5.76,4.61,-12.4
8.47,7.34,-4.96
7.98,8.93,3.78
7.21,28.65,27.77
8.71,35.2,23.57
2.89,27.96,14
-5.46,6.84,4.23
-2.81,1.98,0.81
1.65,3.84,0
7.53,13.47,-1.98
9.46,16.73,-2.73
7.94,8.68,0.07
8.25,8.14,0.66
7.57,8.65,1.44
6.15,9.48,2.22
3.56,11.89,4
3.66,11.82,4.07
4.42,11.55,3.11
4.23,12.5,2.49
2.98,13.8,2.49
1.28,12.68,3.51
0.28,11.88,4.28
-0.11,10.84,4.01
0.93,7.69,-4.8
4,5.28,-13.28
4.46,5.19,-14.07
5.42,3.96,-11.76
8.35,5.73,-2.18
14.93,9.67,19.12
3.18,27.93,16.45
-4.28,24.32,9.19
-9.61,14.97,1.86
-8.14,8.03,3.46
-2.09,5.11,2.17
1.1,7.32,2.53
6.59,11.35,2.76
7.78,9.09,4.11
8.09,7.42,5.3
9.93,6.11,3.04
11.09,8.84,0.98
11.4,12.03,-0.5
12.17,13.71,-0.33
3.11,11.53,1.17
0.76,11.11,-2.79
-2.48,11.19,-6.84
-4.67,10.39,-6.59
-5.28,9.1,-5.55
-4.13,8.17,-4.65
0,10.02,0.33
0.76,12.35,4.51
1.76,15.81,9.69
3.65,19.9,11.53
3.25,16.31,8.53
-,-,-
0.81,11.18,6.78
0.82,8.85,4.53
4.88,6.48,3.1
6.28,6.21,3.23
7.57,7.63,3.19
6.75,11.23,3.8
5.51,11.57,3.71
5.11,10.89,3.43
5.28,10.67,3.05
6.05,10.14,4.19
5.98,9.78,5.65
5.34,9.51,7.09
4.13,10.27,8.18
4.69,11.82,6.69
6.42,14.86,5.34
6.9,17.51,4.21
5.15,19.98,0.4
1.55,17.3,-8.36
-1.71,12.77,-13.39
-3.97,5.94,-14.86
-4.32,3.29,-15.15
-3.27,1.9,-15.44
-0.7,2.52,-14.81
3.6,7.36,-12.19
6.55,10.73,-2.32
16.65,20.37,33.54
4.46,12.13,1.01
5.3,29.7,2.26
1.59,25.28,14.32
-1.37,8.51,9.26
-1.28,3.32,6.11
0.05,5.5,4.9
1.34,8.85,2.01
4.4,14.64,2.75
4.4,14.64,2.75
4.46,10.52,2.77
4.44,10.64,4.09
4.19,9.53,6.46
4.44,9.23,7.73
4.44,9.23,7.73
5.88,8.38,8.52
7.13,9.96,5.63
6.88,11.07,4.01
6.88,11.07,4.01
6.8,11.35,2.25
5.59,11.93,1.21
4.15,11.73,1.33
3.22,11.5,0.89
3.22,11.5,0.89
0.99,11.06,-2.5
0.37,10.43,-10.56
0.4,4.63,-18.25
0.4,4.63,-18.25
0.56,3.9,-15.77
0,4.78,-14.05
0,7.01,-7.53
8.68,28.35,16.43
5.26,37.91,13.86
-8.56,9.56,6.9
-8.56,9.56,6.9
-8.17,2.94,6.76
1.5,0.62,5.32
6.82,10.77,4.03
10.73,15.22,3.17
10.26,11.81,4.07
8.42,6.67,7.28
5.63,7.82,7.65
4.71,9.71,4.67
8.05,14.52,-1.52
9.42,17.79,-1.01
7.98,15.71,-3.32
1.63,12.22,-5.3
-1.25,12.43,-5.84
-2.75,12.82,-6.55
-2.51,10.19,-12.6
-2.09,9.15,-12.94
0,9.14,-5.46
6.11,8.64,28.14
1.62,13.1,-10.09
6.69,16.62,10.4
3.78,10.84,1.61
3.21,9.18,4.59
4.48,12.43,2.67
6.59,11.13,3.56
5.8,9.56,2
5.17,10.09,3.45
6.07,11.28,4.59
6.48,10.56,5.11
6.07,8.21,7.55
5.13,7.76,10.57
7.17,10.06,4.82
7.34,12.44,1.95
6.82,13.81,0.44
7.11,14.51,0.67
2.95,13.39,-9.13
1.11,12.89,-12.31
-1.8,10.44,-12.43
-0.54,7.34,-10.19
0.77,8.05,-8.07
6.11,15.02,14.63
6.76,14.64,23.32
-3.86,19.03,0.86
0.82,18.1,10.3
1.25,10.96,4.42
1.4,11,3.42
1.05,10.02,4.63
6.05,11.5,2.02
6.38,9.13,3.41
6.23,9.23,4.15
6.98,9.9,4
8.09,9.81,5.59
6.67,9.51,7.01
5.53,9.11,8.71
6.01,9.81,9.67
8.76,12.85,9.5
10.73,16.03,7.01
8.53,18.38,0.49
4.19,11.98,-7.88
2.02,10.55,-9.78
-2.36,7.3,-14.39
-1.69,6.28,-15.15
2.54,6.13,-14.56
2.7,6.59,-11.82
2.7,7.07,-6.82
1.69,7.84,-1.12
3.03,21.92,37.33
-2.98,13.89,18.45
-10.05,33.63,9.53
-5.07,27.04,18.78
3.76,1.96,2.27
6.53,5.42,-0.5
9.75,7.73,-1.99
11.27,9.94,0.37
6.5,10.17,1.69
7.51,10.25,1.75
7.34,10.35,2.01
6.19,10.47,3.51
5.78,11.72,4.57
4.84,12.55,5.3
4.9,12.56,5.61
4.76,11.92,4.86
2.99,13.53,-0.56
2.44,15.03,-1.4
1.34,16.55,-1.66
-0.28,17.11,-1.27
-2.31,10.77,-3.76
0.25,2.72,-14.81
-0.92,3.45,-16.82
-2.05,4.61,-14.52
-3.63,3.79,-10.39
7.48,6.53,-1.85
14.88,18.25,18.1
25.2,36.09,36.15
8.77,21.42,16.01
-8.57,4.07,5.26
-11.18,3.36,3.42
-2.08,4.28,-0.83
3.43,10.46,-1.4
6.69,11.43,3.25
8.39,8.68,4.65
10.59,8.21,4.11
12.26,10.23,3.63
9.23,13.85,2.96
6.17,12.96,2.15
-0.56,10.93,-3.97
-0.58,10.28,-6.15
-1.75,9.47,-7.71
0.81,7.46,-8.44
3.13,7.23,-8.18
5.09,7.48,-7.34
6.61,10.02,2.08
5.55,9.88,12.75
-4.42,13.47,3.57
-10.11,25.62,14.82
-5.69,17.45,10.64
-1.08,11,3.92
6.8,8.23,0.28
8.27,7.48,-0.38
9.72,7.96,0.5
9.78,7.75,2.66
5.36,10.1,4.98
4.71,10.15,5.44
4.71,8.78,7.67
5,8.25,8.72
5.11,8.14,9.71
5.44,8.27,10.09
8.67,8.72,3.96
10.97,11,0.68
9.26,17.12,0.2
2.07,15.71,1.87
-0.01,14.56,0.8
-0.33,13.69,0.11
2.71,11.6,-2.36
3.69,7.86,-4.26
3.92,7.48,-5.9
3.34,8.18,-8.43
3.02,7.73,-8.89
2.71,6.9,-8.39
3.26,7.69,-2.27
2.06,8.68,0.37
-,-,-
-0.79,9.4,-0.61
-4.09,12.43,0.89
-8.22,16.28,10.88
-6.21,16.19,5.55
2.66,20.46,10.9
2.1,12.07,5.86
0.56,8.46,5.3
1.62,6.78,4.63
6.73,6.48,0.14
9.86,8.21,0.1
10.85,9.39,0.33
8.19,9.72,1.1
7.3,9.44,1.95
6.34,9.61,2.5
4.94,10.31,4.67
4.71,10.15,5.69
5.03,10.06,6.61
6.55,10.25,6.4
7.63,10.98,5.07
9.1,12.55,2.43
10.4,15.1,0.12
8.44,17.31,-4.48
4.71,15.13,-8.43
1.35,12.93,-11.9
-5.59,7.98,-14.09
-6.88,7.34,-14.03
-6.78,6.84,-13.06
-4.32,8.96,-6.21
-1.58,12.17,6.94
5.11,18.61,36.22
1.26,13.21,20.27
-0.51,34.5,4.17
3.86,21.25,14.57
5.05,2.52,9.61
5.69,3.61,8.18
7.92,6.28,6.34
9.51,8.9,8.13
8.05,8.81,9.27
7.69,7.96,8.64
7.44,6.96,8.77
7.78,6.78,7.36
8.48,7.65,4.84
10.89,13.64,0.2
8.76,16.78,-4.51
6.15,15.72,-7.9
3.27,14.23,-10.02
-4.19,11.94,-9.13
-4.34,11.27,-8.76
-3.84,11.1,-8.27
-2.77,12.34,-6.88
0.25,14.31,8.64
-2.57,7.09,7.8
-6.42,9.39,-8.22
-3.2,17.42,-2.88
9.03,8.9,3.57
7.59,9.03,7.03
5.92,7.92,7.34
5.19,9.18,5.88
5.61,8.71,4.19
6.09,9.86,4.73
5.13,10.76,5.46
5.05,10.21,5.84
5.21,9.39,9.42
5.76,8.97,10.39
6.75,8.39,10.43
8.01,7.78,8.82
13.59,13.17,0.18
13.8,18.1,-1.75
12.55,20.82,-3.57
5.9,13.94,-7.71
0.66,9.77,-11.42
-1.65,7.9,-14.26
-1.78,7.51,-15.35
-3.58,8.97,-15.03
-7.67,10.56,-9.94
-7.55,10.28,-5.07
-6.23,11.28,3.64
-5.65,6.28,5.19
-7.63,22.54,-11.43
-3.56,30.07,1.44
11.11,1.44,5.26
8.43,4.17,8.77
6.88,12.52,2.91
6.76,11.19,3.74
7.26,8.43,3.38
8.4,8.21,5.05
7.84,8.57,6.21
7.3,8.85,7.51
5.3,8.28,7.96
4.69,9.02,7.3
2.97,10.47,3.39
4.34,13.34,-4.32
6.67,16.87,-4.92
8.9,20.18,-4.3
1.87,14.17,-6.42
0.75,13.11,-6.86
0,12.22,-7.15
-1.05,10.97,-8.11
-2.18,11,-10.76
-4.19,10.28,-9.1
-1.13,11.92,8.22
4.01,13.88,30.54
-3.92,15.78,-12.32
5.98,18.29,4.26
14.3,14.05,7.32
6.67,8.77,6.21
1.19,11.52,6.63
2.55,12.55,4.9
6.92,9.01,3.29
5.51,10.43,5.28
5.11,9.52,7.34
5.42,8.18,8.63
5.84,7.19,9.28
7.57,9.73,1.44
8.68,13.28,-2.06
8.53,16.96,-2.6
5.44,17.89,-2.09
1.62,12.84,-4.17
0.82,11.35,-5.09
0.89,11.4,-5.8
0.67,11.82,-6.71
0.85,12.14,-6.82
0.38,11.03,-5.98
-0.56,9.86,-5.13
-2.41,9.27,1.22
0.47,11.94,26.62
-4.65,5.8,19.68
-3.56,11.1,-10.18
6.11,15.71,2.29
9.53,10.56,2.52
5.53,9.98,4.59
3.68,8.59,2.41
7.5,10.43,0.5
7.82,10.35,1.35
8.14,9.64,4.26
7.78,10.17,5.03
7.38,12.73,6.32
3.21,14.43,7.69
2.71,14.35,6.46
2.93,14.47,4.78
0.54,12.55,-8.72
-0.11,11.68,-13.98
-0.57,11.14,-18.06
-1.9,7.86,-16.79
-0.93,6.05,-12.86
0,6.65,-8.88
5.09,13.22,12.47
11.31,21.78,38.45
-8.31,23.61,-9.85
0.68,24.39,9.19
9.14,10.47,8.52
9.75,2.13,2.57
6.76,11.46,0.68
8.27,12.48,1.97
5.88,8.89,3.79
5.5,9.56,3.34
6.11,10.18,4.55
5.48,9.93,7.34
4.46,9.44,9.35
4,8.65,10.73
3.73,8.06,10.6
4.26,8.57,8.14
6.25,13.68,0.41
5.78,19.23,-0.93
4.01,18.25,-1.71
2.08,15.67,-4.4
-0.33,11.64,-11.94
-0.21,9.5,-14.88
-0.2,8.14,-15.98
0,4.98,-14.39
0.91,5.78,-11.81
4.32,10.39,4.36
7.34,8.32,18.12
-2.75,10.92,-4.51
-2.9,29.11,14.78
0.4,3.4,4.67
3.39,2.74,7.03
1.96,5.63,3.25
7.67,12.1,2.83
8.1,8.98,1.52
7.05,9.52,2.45
6.96,10.18,3.27
5.98,9.77,4.69
5.13,9.46,6.05
6.48,12.26,3.17
6.88,14.23,2.14
6.26,15.55,2.09
3.76,13.93,4.78
2.41,12.39,-2.72
1.78,12.01,-8.5
0,11.56,-12.35
-2.86,6.55,-16.9
-0.46,4.71,-15.98
8.81,9.98,22.14
7.51,8.82,21.82
2.66,12.34,0.76
4.34,28.5,4.44
-0.25,12.78,6.21
0.17,4.67,4.5
4.13,8.86,4.09
-,-,-
6.55,10.27,5.28
7.86,9.81,4.69
8.18,9.61,4.63
4.67,9.1,6.78
4.4,9.05,7.78
4.36,9.11,8.81
4.76,8.52,8.13
6.42,8.15,4.09
11.31,11.36,-2.69
11.02,15.81,-0.72
7.51,15.46,1.74
2.25,14.27,3.5
-2.1,13.85,-7.19
-1.39,11.98,-18.71
-1.46,11.31,-20.06
-2.23,9.48,-19.78
-1,3.75,-16.78
-0.34,3.31,-10.39
7.28,10.01,21.7
5.07,12.3,6.17
3.17,29.62,2.44
-2.09,31.12,9.11
-1.59,1.87,9.81
-0.2,5.63,6.76
0.23,11.06,3.78
3.01,15.1,2.31
7.86,9.9,1.23
7.51,8.21,1.87
7.15,8.82,2.9
6.23,8.63,6.17
4.98,8.6,7.84
4.05,9.28,8.27
4.21,10.85,5.09
6.59,15.51,-3.2
6.17,14.07,-1.55
3.23,10.56,1.26
2.44,9.93,2.25
1.92,10.34,2.57
0.98,11.56,3.22
1.03,10.61,-3.71
2.85,8.06,-9.07
3.48,5.3,-11.69
0.4,3.99,-9.19
-0.07,2.82,-12.1
0.74,3.92,-14.84
4.4,6.61,-11.81
14.19,21,35.31
10.4,24.38,19.29
10.3,32.09,13.35
-6.13,10.43,2.44
-8.72,6,2.06
-5.75,4.19,2.78
-0.3,2.96,0.68
5.84,12.28,-1.15
10.18,16.06,-1.82
9.22,14.61,-0.51
6.73,10.17,2.03
5.88,9.63,3.56
4.3,10.44,5.19
2.59,10.68,7.07
3.35,9.6,9.61
4.69,9.23,7.94
6.15,9.6,5.15
6.88,12.21,1.52
6.01,13.05,1.32
3,12.14,1.13
2.22,10.53,-0.14
2.33,10.13,1.66
1.52,9.36,-0.62
-0.14,7.01,-16.54
0.44,5.96,-19.26
0.36,5.76,-16.73
0.34,4.46,-12.52
10.28,10.48,28.31
14.69,11.15,27.54
16.35,20.77,11.43
14.27,32.95,13.31
-8.73,11.11,-0.34
-10.23,7.78,3.06
-6.63,3.6,3.05
3.86,15.82,-1.47
7.59,16.21,-2.15
8.4,14.82,-0.93
6.96,9.85,1.44
6.73,9.52,1.54
6.63,11.27,0.47
4.44,13.35,0.79
4.53,12.43,0.76
5.98,11.14,2.18
4.51,9.68,4.73
3.52,9.39,4.94
2.31,9.73,1.75
0.63,10.15,-6.13
0.31,9.35,-9.01
0.44,7.84,-11.03
2.27,6.48,-10.39
8.5,6.61,3.31
8.77,13.72,9.51
2.91,17.81,8.48
-1.6,13.8,5.8
-3.85,11.81,3.25
-3.59,12.25,1.9
0.6,11.75,1.11
2.5,11.52,1.39
5.01,11.46,1.41
6.76,10.06,3
5.82,9.17,6.57
5.28,8.52,8.4
4.96,8.5,11.55
5.92,8.88,11.67
7.78,11.19,4.61
7.13,11.93,2.2
6.53,12.17,1.13
2.96,12.72,3.92
0.52,12.9,4.05
-0.81,13.56,6.75
-0.73,12.82,-0.2
1.97,10.64,-19.75
-0.27,6.57,-19.37
-0.67,1.04,-16.87
0.15,1.03,-16.62
2.99,3.48,-11.94
15.61,25.3,23.87
7.84,39.22,15.28
-6.36,31.64,14.18
-11.5,4.9,3.34
-3.4,-0.03,0.21
2.71,4.96,-0.95
11.28,18.85,-0.85
11.14,13.28,0.37
8.84,9.3,2.71
7.19,9.23,5.48
6.78,8.59,6.92
5.82,7.76,8.39
5.4,7.34,9.43
9.19,11.77,1.51
9.15,14.02,0.15
6.9,14.38,0.28
4.88,13.78,1.32
-0.86,13.26,0.95
-1.1,12.77,2.45
-0.5,11.17,2.24
0.62,7.38,-6.61
3.18,5.3,-14.67
1.79,5.67,-12.5
-0.73,7.71,-7.23
0.25,8.05,1.63
2.98,14.25,7.76
7.75,24.12,22.17
6.32,23.71,15.51
3.28,18.2,11.35
0.88,5.73,-0.43
2.34,4.73,-0.67
4.3,5.23,-0.05
7.07,9.73,0.89
5.34,10.17,3.5
7.05,10.35,3.68
8.89,11.39,2.71
9.02,13.18,2.66
8.6,15.17,3.3
6.21,15.46,5.44
3.61,15.18,3.7
1.5,14.5,0.76
-2.5,11.32,-11.53
-3,10.39,-13.42
-2.32,7.98,-14.1
0,3.4,-15.47
2.25,4.65,-8.75
7.57,10.98,22.79
9.71,11.19,35.86
1.26,10.63,5.92
-4.36,16.85,14.39
-0.5,1.85,6.26
2.2,0.95,6.53
6.8,7.84,1.9
10.31,10.68,1.76
11.21,9.02,3.17
8.39,8.92,5.13
7.09,8.77,6.11
5.8,8.47,8.03
4.96,7.3,10.6
6.82,8.02,7.19
8.22,10.72,3.5
6.3,17.14,-1.27
4.63,16.28,-1.04
0.18,12.77,-7.38
-1.44,11.26,-11.51
-2.79,9.94,-15.27
-4.09,8.55,-18.8
-0.97,5.07,-11.61
6.17,9.55,15.64
10.25,9.55,30.46
5.09,31.35,1.01
-3.14,19.23,4.9
-1.11,2.01,7.03
0.73,5.15,3.02
2.86,9.38,2.92
6.76,11.51,3.89
8.93,10.48,3.63
7.36,9.34,5.8
-,-,-
6.38,8.51,7.34
7.11,8.38,9.18
6.59,8.02,10.34
6.28,7.75,11.3
6.59,7.4,10.88
11.14,12.53,5.26
10.92,16.75,4.09
5.23,17.35,-0.01
2.31,14.34,-4.78
1.13,12.1,-8.63
0.56,11.32,-10.97
-0.74,9.06,-12.23
-1.25,6.8,-12.4
-0.97,4.98,-12.71
1.28,5.73,-11.42
1.35,7.42,-7.8
1.24,9.01,-2.31
0.58,9.42,0.05
4.48,18.89,29.12
0.54,15.56,18.25
-6.17,19.79,1.54
-6.42,27.03,14.15
0.75,8.68,8.85
4.78,0.21,2.51
6.4,3.64,3.45
9.94,8.6,0.72
10.93,9.38,1.83
10.38,8.68,3.19
8.6,8.65,4.88
7.63,8.56,5.28
7.03,8.56,6.21
6.15,8.52,8.03
4.11,8.81,9.35
5.44,8.67,6.53
8.14,9.4,2.56
10.18,11.8,0.75
8.1,18.22,-5.94
5.38,16.55,-10.57
2.48,12.89,-14.81
-3.06,11.59,-17.29
-5.67,10.81,-16.69
-5.76,8.9,-14.34
-2.07,9.68,1.57
-0.83,9.06,8.17
-8.1,18.89,-5.26
-6.65,30.73,2.92
-0.23,11.55,7.67
1.57,6.26,7.19
3.44,6.86,8.6
3.94,7.92,7.36
9.6,7.44,7.65
10.85,6.25,8.23
10.02,6.55,9.18
6.59,7.23,10.75
6.25,7.32,9.97
7.21,7.61,7.73
8.85,8.53,5.3
11.15,10.9,3.36
10.43,12.63,1.54
8.02,14.43,-1.75
2.02,15.27,-8.56
-0.72,14.63,-9.13
-3.34,13.13,-8.81
-4.59,11.07,-7.94
-3.08,7.65,-10.06
-2.38,7.11,-10.22
-2.02,8.22,-9.68
4.21,13.02,15.42
5.55,10.77,16.35
-0.23,12.77,1.13
-1.5,23.52,4.07
2.31,15.39,9.14
4.13,7.8,5.42
4.63,6.21,5.73
4.59,7.42,4.98
5.98,8.47,5.15
7.3,9.86,4.3
7.86,10.5,3.76
6.28,8.46,6.76
5.96,7.98,8.34
6.5,7.53,8.57
7.94,7.65,6.21
11.38,12.1,-0.28
11.72,14.93,-1.08
10.67,16.59,0.68
3.97,15.31,0.28
1.74,14.1,-3.75
0.86,13.68,-10.06
-1.51,13.97,-13.52
-4.98,10.06,-16.02
-3.92,6.44,-16.43
-3.16,5.05,-16.15
0.52,7.42,-4.8
8.32,13.19,22.98
12.02,13.11,36.16
3.15,5.8,4.8
-10.1,30.4,5.84
-6.8,22.86,14.21
0.05,6.8,9.64
4.63,9.38,6.84
5.46,12.85,6.55
6.32,10.85,6.15
6.65,7.51,6.19
6.82,7.67,8.64
8.85,7.01,6.96
9.77,7.57,3.77
10.77,9.42,1.28
7.8,16.72,-6.17
5.11,15.72,-8.59
1.5,14.32,-10.81
-4.23,12.43,-13.77
-6.34,8.78,-15.68
-5.15,7.44,-13.85
2.04,10.76,16.04
1.25,9.06,11.25
2.54,24.59,10.35
1.23,7.94,7.11
0.05,4.76,7.05
0.88,5.46,6.65
8.05,8.51,2.9
9.98,10.18,2.06
8.85,10.96,2.71
4.69,8.93,5.34
5.3,8.89,7.69
6.71,10.09,3.8
7.42,12.76,1.02
6.32,14.85,0.3
2.85,13.8,0.01
1.78,13.43,-1.4
0.64,13.43,-2.98
0.58,11.31,-11.3
-1.14,8.25,-16.62
0.33,6.44,-15.35
9.5,8.27,16.53
7.67,5.17,9.35
6.61,21.21,7.94
2.7,12.5,8.72
0.09,7.96,10.14
-0.23,9.46,9.77
0.23,11.96,7.94
0.23,11.96,7.94
4.26,7.78,8.05
5.78,7.11,8.19
8.31,7.55,5.88
10.22,8.84,2.88
10.22,11.47,-1
10.06,12.15,-1.53
9.14,12.75,0.52
4.38,12.34,-8.72
2.2,12.21,-11.93
-2.68,12.19,-10.55
-4.76,8.07,-11.3
0.63,6,-4.71
9.02,8.65,18.47
6.44,10.52,8.36
3.45,20.48,6.44
-0.31,8.59,6.76
0.57,7.92,5.78
0.85,9.32,2.48
1.74,11.09,-1.55
4.71,11.72,-1.35
4,10.6,-0.89
4.51,12.21,1.47
4.15,11.25,2.71
3.33,11.89,2.66
3.14,14.69,0.44
1.71,14.47,0.68
2.07,13.26,0.44
5.65,10.52,1.69
5.46,9.88,2.34
5.23,9.57,2.27
3.86,9.39,2.79
1.4,9.18,-0.44
2.75,5.21,-17.23
5.57,4.21,-14.97
8.44,5.15,-8.6
11.28,6.84,3.7
4.59,21.37,14.86
-2.33,18,11.06
-8.85,12.43,5.55
-4.92,9.42,3.71
2,8.93,2.85
5.9,10.93,1.82
9.77,10.8,3.22
9.07,7.15,4.92
8.57,6.94,6.53
5.92,8.02,12
6.05,8.84,9.77
6.53,10.6,6.42
6.65,14.56,5.21
7.17,14.43,-1.04
7.63,15.14,-11.3
-1.02,15.6,-13.39
-5.07,9.67,-13.75
-3,6.03,-14.89
2.93,3.91,-0.34
10.85,5.3,18.84
12.72,3.57,11.11
1.12,23.11,10.61
-1.53,24.4,16.21
-,-,-
-3.89,14.59,10.97
-3.8,10.02,6.67
-0.94,11.13,1.62
2.73,11.64,-1.3
6.51,12.97,-1.5
7.63,11.31,-0.1
5.88,6.73,2.64
5.42,8.07,3.16
6.53,9.15,3.65
7.51,9.68,4.78
8.14,10.78,3
8.89,13.68,1.21
7.46,15.43,1.48
5.03,13.21,3.01
5.36,13.07,3.85
4.86,13.06,5.01
4.01,13.44,5.05
3.53,13.85,3.92
1.64,12.88,1.58
0.52,10.92,-2.01
1.21,9.42,-8.6
1.63,8.8,-11.44
2.24,7.17,-13
2.65,4.19,-13.52
2.67,3.67,-11.96
2.35,3.34,-9.31
1.89,3.5,-6.59
8.89,12.5,24.82
13.73,13.97,32.15
7.3,16.39,11.56
-12.39,32.59,16.18
-11.22,15.47,14.53
-6.07,3.99,6.67
-3.16,3.04,3.05
7.34,8.35,6.44
6.98,11.93,3.07
-2.75,23.73,13.93
-0.68,6.03,-20.15
1.35,14.53,-3.18
4.28,10.68,5.61
0.87,10.81,1.58
7.92,7.73,9.25
3.45,10.89,5.25
2.92,9.42,8.97
-8.77,3.76,8.06
10.61,14.35,18.22
-0.09,11.77,3.75
5.01,9.72,7.55
6.51,10.22,2.45
-4.86,8.18,5.09
-1.01,11.18,-9.94
6.55,13.77,0.98
10.39,15.01,0.01
-5.73,13.01,5.25
7.17,6.32,6
-1.96,11.56,-13.06
4.21,11.31,5.8
3.22,8.94,7.51
-2.06,15.21,5.9
1.47,10.97,-7.78
2.25,15.17,3.6
1.91,13.36,3.16
-1.32,9.02,-4.26
-4.76,7.44,-16.96
9.06,13.56,-0.44
8.28,7.8,7.57
5.19,6.21,8.98
13.76,8.3,17.85
6.71,13.02,1.96
6.88,8.53,6.3
-5.46,3.58,2.84
0.75,2.7,-13.34
-0.76,5.76,-13.76
5.3,6.44,8.39
9.01,6.5,-1.36
3.99,18.71,-6.05
5.3,19.3,-3.68
6.46,13.9,7.92
-0.31,6.23,5.13
9.68,18.38,7.63
-0.27,8.15,-12.07
8.81,9.55,8
8.39,2.13,3.35
-1.75,10.46,1.07
-4.9,9.51,-19.31
5.53,9.97,6.59
-1.02,32.43,11.03
3.41,12.85,7.13
6.26,15.11,4.69
5.71,5.05,6.88
5.36,37.27,9.38
5.11,13.43,-2.43
7.92,9.65,4.15
5.3,3.74,6.51
-1.77,7.21,-19.26
4.53,12.93,-0.73
8.03,7.76,8.52
0.12,15.26,-1.24
0.91,12.68,-10.93
-1.95,7.71,-10.67
10.15,14.68,-1.09
9.05,9.42,2.59
4.69,8.26,5.71
1.99,9.72,-3.68
4.75,14.06,-4.26
7.36,9.4,6.38
0,16.96,23.12
3.76,14.15,-3.42
7.23,9.5,3.46
0.18,7.59,-3.54
6.96,12.03,0.02
4.44,8.59,9.56
1.14,36.77,0
0.55,9.22,-10.82
5.98,9.35,9.05
3.39,4.8,5.53
2.27,6.23,-17.06
9.02,13.56,0
6.8,8.89,2.96
-2.15,7.69,-13.9
5.28,14.81,-2.77
4.86,10.27,4.82
-0.4,34.13,-0.5
-1.84,5.92,16.35
4.36,13.11,-5.78
8.03,9.35,3.39
5.57,10.25,3.3
1.49,26.34,-6.07
-0.31,11.93,-14.42
12.35,13.1,0.73
4.4,11.76,6.15
4.19,4.8,8.75
2.69,7.19,-16.73
12.3,11.77,0.23
11.18,12.18,1.32
2.24,15.11,21.14
-12.52,6.21,-14.07
8.14,12.75,-2.86
9.86,6.78,4.96
-0.66,9.27,-4.73
12.85,14.64,3.2
7.28,7.26,-0.25
-9,11.06,-3.34
13.97,12.18,1.49
9.35,5.59,7.69
-1.34,6.46,5.23
3.49,10.02,-4.84
5.92,8.27,7.65
1.03,12.96,9.56
0.56,7.86,-15.67
9.3,15.31,-0.92
6.34,6.28,11.21
4.46,6.32,9.02
0.21,7.01,-17.96
6.01,7,17.6
1,7.11,5.19
1.99,5.21,-15.42
5.98,7.9,10.82
6.78,11.73,-0.85
0.72,5.57,-11.44
7.05,13.52,-3.14
7.26,9.43,5
7.19,16.05,5.4
-0.57,13.31,-11.42
5.03,14.25,-6.76
6.98,9.93,2.75
14.72,15.89,33.65
4.09,10.94,1.12
10.89,14.23,-1.54
8.47,14.75,-4
16.36,7.55,21.12
3.39,11.96,-1.89
4.96,9.35,5.03
-6.59,12.67,3.74
0.56,8.02,-9.14
8.82,10.88,3.88
4.07,9.55,7.61
6.28,9.03,1.64
2.28,2.97,-11.9
7.19,14.28,1.27
5.26,7.86,11.06
2.08,10.52,3.04
2.56,4.82,-11.21
7.59,12.22,0.4
6,9.06,9.44
-3.61,9.85,7.78
0.75,10.64,-4.67
6.09,13.02,3.27
7.92,8.81,-1.88
2.74,4.05,-15.72
7.23,14.01,-6.42
7.65,10.01,3.88
-1,0.09,1.58
0.74,9.39,-12.63
4.75,10.96,3.58
2.57,10.21,1.9
3.27,7.13,-17.77
6.28,11.42,2.47
-10.34,0.69,5.05
-2.88,4.46,-12.63
-,-,-
6.92,8.81,9.03
7.5,-2.06,3.75
4.03,10.46,-13.13
9.19,9,4.94
9.39,9.52,1.84
3.71,6.19,-19.57
9.21,6.51,8.47
-20.46,30.38,-6.17
4.57,11.4,-11.88
7.46,12.42,-0.46
0.5,15.65,20.95
11.65,15.56,-1.59
7.8,2.95,5.63
-7.11,6.09,-10.48
10.02,14.82,-1.69
5.46,11.52,1.28
-4.92,7.57,-3.11
7.61,13.18,-2
7.94,11.05,1.88
9.65,5.19,11.68
9.8,17.71,-5.44
8.35,8.56,6.76
-2.16,12.78,15.27
11.88,11.38,9.8
7.07,10.57,-2.45
3.73,8.44,-15.14
7.92,7.32,10.39
-13.27,31.25,9.25
2.95,11.85,-6.42
7.57,8.89,5.15
-1.96,28,8.23
0.34,8.19,-12.19
2.48,9.97,10.75
-13,30.23,-3.32
3.61,12.81,-3.03
4.96,11.22,0.33
5.57,5.09,-6.82
2.21,12.42,-13.72
1.75,11.34,5.61
-7.55,10.07,9.03
-1.34,11.1,-13.02
1.39,12.39,6.26
4.28,11.51,-0.46
4.05,9.61,-13.07
9.71,12.09,-1.24
13.9,16.73,-3.35
4.34,2.9,-8.09
-1.89,4.26,-13.23
4.76,8.65,10.61
4.53,12.6,4.96
2.48,9.06,0.18
1.53,14.65,-15.22
5.19,9.47,9.52
2.5,11.42,1.15
2.89,5.92,-8.57
7.4,13.11,-4.11
8.43,7.86,9.53
6.94,4.03,-5.26
5.13,11.61,-6.15
6.26,10.73,9.47
18.63,11.84,36.88
4.42,12.07,-2.88
4.51,9.84,10.02
7.67,1.97,5.96
-3.22,8.64,-16.38
5.23,9.71,6
14.26,12.06,-1.9
-0.72,10.97,-10.97
7.73,9.23,5.19
12.96,8.81,3.64
1.41,9.75,-11.86
5.57,8.35,6.26
8.69,8.96,2.96
-4.4,6.61,-13.42
10.47,12.11,5.46
6.21,7.61,11.35
-4.21,25.11,10.51
2.05,11.38,-6.32
4.23,11.63,2.31
-10.13,3.36,5.4
2.74,8.57,-8.39
4.82,6.15,10.43
-2.08,3.2,3.9
0.23,8.98,-18.78
16.29,12.09,4.42
11.77,8.22,0.6
-5.51,8.25,-17.95
15.17,18.02,-0.91
13.52,9.68,1.03
-0.85,9.4,-13.98
8.06,6.55,7.51
5.15,0.46,3.48
2.17,9.15,-15.86
7.34,6.69,10.48
7.86,11.8,-3.98
-0.12,7.67,-9.68
11.21,13.18,3
3.63,12.59,1.65
-0.93,39.22,10.75
0.74,8.03,-7.59
13.11,15.85,1.42
0.58,9.42,6.3
1,31.97,8.43
-0.09,7.36,-22.68
4.73,11.19,1.64
15.27,8.55,-0.67
-4.92,7.05,-1.04
4.92,15.63,-2.88
5.8,8.85,11.64
-10.8,-0.05,9.14
8.05,36.18,10.27
3.65,10.22,-8.05
8.06,7.25,7.3
8,7.9,4.75
7.48,6.71,17.35
4.05,9.06,5.57
2.02,12.77,-0.88
5.21,24.7,15.71
2.25,7.42,5.96
10.68,7.55,3.75
-3.73,24.72,-4.94
4.11,12.67,-4.69
7.51,6.67,10.61
-4.46,27.22,2.01
1.83,12.18,-10.97
7.25,8.9,7.44
3.86,23.5,11.06
0.52,12.21,-17.29
9.67,9.97,5.55
8.78,8.52,2.67
-3.84,6.59,-6.8
5.82,13.43,-14.47
5.07,8.71,9.25
8.43,7.03,4.28
4.23,19.96,-7.36
3.41,10.01,-10.09
7.94,10.02,3.63
7.86,8.35,2.17
-0.18,8.77,-11.53
4.38,15.75,-12.53
5.03,9.03,14.15
-2.71,22.9,12.86
-0.43,4.38,-4.94
5.19,15.03,-0.81
6.48,5.65,7.69
9.85,5.98,7.46
9.14,17.87,-0.3
9.38,6.8,6.63
-5.94,6.46,6.63
2.54,7.96,-15.23
5.75,8.52,10.53
-0.73,4.61,4.76
-1.33,20.36,14.36
-4.44,5.73,-17.96
2.54,13.02,-4.03
4.55,10.81,3.27
7.4,23.21,6.01
3.78,8.13,4.65
3.16,14.18,2.19
3.34,7.9,11.31
8.89,8.39,4.84
0.01,2.44,4.46
-0.1,5.42,-12.78
4.13,7.73,-13.36
4.82,9.85,9
-0.85,8.05,5.75
10.61,9.59,36.63
3.6,15.86,-3.46
6.32,9.72,0.15
8.53,13.02,-0.23
10.6,7.88,13
2.94,11.88,-2.6
2.57,9.6,11.01
2.18,10.59,-1.2
11.6,5.26,6.96
8.67,12.94,-2.63
3.36,8.77,12.02
7.05,6.28,-2.66
-1.92,8.47,-16.61
8.77,11.51,3.99
10.42,8.01,0.98
19.54,7.51,24.53
7.48,17.7,-0.46
9.6,8.03,2.45
-1.99,11.22,11.82
0.58,4.96,-14.38
5.28,9.23,14.59
4.3,13.22,-1.78
1.87,4.28,-12.81
8.89,15.4,-2.25
4.88,10.27,4.71
-2.35,9.93,8.25
-0.63,12.81,1.24
7.09,5.8,3.19
-4.28,6.76,5.84
-1.01,9.13,-13.68
5.17,9.27,5.21
12.27,13.72,-2.01
9.93,7.34,10.02
4.48,15.27,1.62
-,-,-
5.03,18.97,-5.94
2.77,10.42,8.06
9.22,12.02,2.97
-1.7,13.22,-12.55
2.64,9.85,10.96
-5.4,12.52,12.44
6.71,3.42,6.32
1,13.81,-5.86
4.92,3.88,13.56
13.82,13.01,-1.04
0.83,9.97,-24.18
11.4,8.72,6.53
10.39,1.38,2.6
6.03,22.76,-6.84
6.32,12.07,5.21
10.02,17.35,-2.99
-1.17,6.38,-16.86
12.52,14.39,1.49
13.06,11.85,-2.25
8.15,8.77,30.36
2.09,12.36,2.97
3.5,10.02,7.36
-12.39,34.47,12.06
0.21,13.19,-0.51
4.07,9.73,4.63
-7.51,10.71,6.67
2.56,4.21,-18.15
6.75,9.47,8.09
7.98,12.55,1.45
-7.92,9.43,5.3
-1.21,11.55,-13.81
8.32,12.71,-3.09
9.01,13.11,-2
-2.2,3.34,-15.85
7.86,10.64,1.78
13.77,8.8,3
-0.77,7.75,8.72
-5.17,3.43,-19.11
6.4,6.98,8.31
7.92,0.67,4.07
-2.49,9.89,-18.2
10.22,16.62,3.7
4.4,10.52,5.46
-7.9,26.13,7.61
14.64,14.65,32.13
13.22,17.31,-1.1
5.8,8.64,10.6
5.23,38.63,-12.55
-3.22,10.52,-15.18
6.71,8.85,6.46
9.09,9.98,3.78
4.46,7.96,12.14
0.89,12.68,-7.3
7.94,9.5,6.53
1.28,6.59,13.31
-0.14,10.46,-8.05
4.26,10.6,7.34
7.53,6.34,4.73
-7.44,7.28,-5.86
13.26,13.34,-1.16
5.44,12.3,4.17
-1.78,13.93,-8.84
11.6,18.95,-5.71
10.06,9.02,6.69
6.01,6.21,4.86
3.91,12.47,-9.94
5.32,9.53,7.44
5.82,4.13,8.06
4.96,7.36,-12.32
9.01,10.22,2.72
8.64,10.13,1
-3.23,6.32,-14.39
6.9,13.05,-0.28
5.55,9.75,6.69
6.15,27.14,8.84
-1.88,8.44,-18.94
8.8,15.09,-2.09
6.5,6.9,7.11
-6.51,9.52,-8.46
-4.96,15.39,-9.8
7.71,8.93,3
-6.44,34.25,-11.06
-1.53,10.67,-20.96
8.34,12.97,4.13
7.88,10.36,1.63
-4.82,5.67,-7.13
-4.71,8.48,-17.67
5.76,8.28,11.65
8.01,-2.71,8.21
-0.58,7.78,-13.05
6.8,7.07,8.77
7.46,-1.07,11.72
2.59,-1.53,5.84
0.56,2.07,-18.5
4.63,14.86,-11.8
7.05,9.14,8.42
-1.82,-1.35,6.98
1.41,9.27,-17.17
7.98,11.9,0.44
7.86,7.15,4.78
-3.07,19.3,12.23
1.16,9.98,-3.75
5,14.93,2.81
6.63,11.53,3.51
7.03,10.51,2.2
0.79,17.35,-10.85
4.19,14.82,4.21
7.76,8.3,5.67
0.58,23.62,5.67
-2.23,11.15,-9.27
4.42,12.9,3.08
3.59,13.71,-0.93
1.47,12.64,-6.03
8.36,7.8,8.32
1.08,1.85,3.28
-1.78,5.01,-10.6
2.73,15.4,-16.87
5.65,9.75,3.43
9.56,7.86,2.36
14.39,16.69,34.08
4.8,15.89,-3
7.11,10.01,7.34
-0.51,8.77,9.44
2.13,11.42,-12.72
8.53,15.57,-14.9
3.14,9.47,7.8
-15.96,21.34,-14.18
-1.96,12.43,-16.54
6.65,6.71,12.73
9.71,-2.39,11.73
6.26,0.83,5.01
-1,8.02,-15.81
-1.53,14.53,-18.1
6.32,9.19,6.67
-8.22,27.53,-17.54
3.45,10.23,-9.06
6.01,8.81,10.47
12.43,-1.52,11.22
-0.51,11.61,5.03
13.18,19.2,-6.71
10.32,5.86,8.14
-11.03,28.94,4.92
1.47,10.06,-19.03
8.71,12.36,4.57
10.64,8.27,5.36
-4.78,24.12,7.61
-2.5,6.88,-2.63
7.5,12.56,1.2
6.96,6.63,11.05
0.92,-1.27,7.96
-2.02,19.52,-6.32
-1.13,12.56,-14.06
10.6,8.46,3.25
7.88,10.56,-2.25
3.61,5.13,-0.98
-2.68,10.8,-11.05
13.03,8.56,3.43
4.96,13.8,-1.04
0.7,6.55,-14.85
5.65,8.56,14.85
1.33,7.09,10.01
2.86,20.97,10.88
1.25,13.39,-16.34
9.68,12.68,1.35
9.36,9.06,3.25
-5.59,18.17,7.17
-4.09,7.26,-20.51
8.89,10.06,-3.04
6.73,8.89,8.02
-3.91,0.38,13.85
-2.7,4.67,-19.79
9.06,16.7,-6.42
5.53,8.32,9.65
-4.01,36.49,-8.47
3.17,14.13,-12.26
12.8,16.71,-3.16
9.38,7.86,2.78
-5.32,10.85,-13.07
8.28,15.9,-3.38
4.51,9.6,7.17
2.5,2.92,8.15
1.7,6.38,-7.28
2.89,13.35,-8.57
4.73,9.4,6.69
8.78,9.27,4.01
2.39,16.37,7.25
-1.53,10.94,-10.78
11.06,13.26,0.25
10.77,14.34,-3.82
2.92,13.92,4.42
0.15,8.76,-6.71
5.15,8.63,12.44
7.96,10.52,2.18
10.48,39.22,5.23
0.44,15.18,-10.18
2.43,10.06,8.4
7.13,11.88,-1.11
8.39,14.75,4.84
1.37,13.56,-5.48
5.07,8.98,5.76
